176,188,204,216,220,212,204,204,216,204,220,216,224,228,212,228,220,192,224,244,224,204,0,32,36,20,208,224,0,4,232,240,200,136,132,160,168,192,176,152,144,128,140,120,228,96,156,136,104,96,124,156,176,212,240,232,184,100,44,56,76,76,32,40,136,204,12,48,32,4,180,48,172,248,28,228,60,100,64,160,172,236,92,116,116,228,36,68,48,228,216,228,216,248,48,76,80,68,40,44,52,64,52,64,44,32,16,4,12,8,12,20,12,0,12,232,8,72,100,56,80,104,92,100,124,124,
168,188,204,220,228,216,196,216,224,200,200,192,208,208,220,232,232,220,8,16,16,244,28,28,32,56,32,20,8,20,4,244,200,160,160,168,168,184,172,164,160,124,192,20,52,156,176,124,100,144,168,168,196,248,248,180,72,176,156,204,240,204,188,16,128,188,0,12,4,236,156,48,160,116,224,40,136,152,96,144,108,180,4,212,68,64,36,72,32,236,248,228,240,32,92,124,144,128,108,88,100,88,76,88,68,60,36,16,32,32,44,68,32,16,40,56,116,148,156,120,100,96,56,60,44,32,
176,188,212,216,208,204,204,220,228,204,196,208,200,204,240,24,20,248,252,36,32,16,88,92,88,100,80,56,44,40,4,240,204,164,156,172,180,180,168,148,136,124,72,168,100,204,192,120,100,144,136,144,208,20,228,112,176,240,32,88,136,100,156,24,116,204,244,240,244,232,156,44,72,12,240,52,152,132,48,64,40,132,148,144,228,252,72,56,8,244,252,240,24,88,144,148,152,132,120,124,132,136,104,116,104,80,64,72,64,48,68,96,48,40,72,120,160,176,188,148,108,92,72,100,80,48,
172,192,224,216,200,204,204,216,216,188,196,200,184,188,236,252,4,236,240,252,232,20,108,108,120,80,52,68,56,248,192,176,164,148,152,176,188,184,172,136,136,204,20,44,184,0,244,132,112,104,116,168,236,8,184,224,192,52,144,0,72,76,152,16,128,228,248,232,232,212,136,212,200,180,196,12,180,68,216,228,244,112,124,220,120,28,96,52,28,8,8,8,52,108,156,148,140,132,128,128,188,200,180,212,180,116,92,100,88,88,108,76,28,48,104,148,160,168,156,136,132,120,104,144,172,136,
172,200,188,172,184,184,160,188,176,176,200,200,188,200,212,204,248,248,240,212,216,8,28,60,88,68,68,88,32,212,172,160,148,156,148,168,188,164,160,168,164,68,184,140,252,40,220,104,116,124,148,192,224,252,104,244,188,124,24,184,12,40,112,40,168,212,228,204,196,160,60,112,108,164,180,60,232,52,240,44,8,136,144,8,52,176,104,92,56,8,252,240,28,88,132,140,144,140,140,172,196,204,224,16,216,144,124,128,116,148,144,80,44,88,144,160,172,160,144,172,188,148,104,152,216,184,
208,208,172,188,204,176,164,188,184,188,200,212,212,224,188,184,236,252,248,252,12,4,236,244,20,36,64,64,24,232,216,180,172,168,144,176,192,160,180,196,208,224,52,196,64,36,152,100,152,152,160,200,224,232,196,236,232,28,168,76,156,180,108,104,180,196,200,172,164,100,196,248,244,88,148,120,200,228,0,136,108,8,252,92,8,204,248,184,112,64,52,28,76,112,120,132,132,136,148,152,164,188,212,208,160,124,128,136,116,132,104,56,56,100,120,120,132,124,140,152,120,80,84,152,164,116,
184,180,192,204,172,160,180,192,200,180,184,200,212,204,180,204,236,232,248,32,36,244,204,204,244,32,52,68,40,252,220,200,172,164,152,176,180,160,184,176,4,140,100,220,80,32,132,96,124,136,164,208,228,144,244,244,120,160,244,112,220,148,236,164,184,200,164,128,124,12,52,32,80,32,140,244,192,92,8,84,232,180,172,160,84,200,88,0,196,168,128,104,108,100,76,60,24,20,252,248,16,40,56,32,16,8,8,0,240,4,236,220,224,244,248,236,224,252,12,252,232,240,0,248,232,232,
188,192,204,184,160,184,192,200,216,184,184,196,212,204,180,224,244,236,0,48,60,52,8,248,32,44,40,40,240,200,208,212,168,160,168,172,168,160,164,164,148,248,124,4,88,244,64,80,104,136,172,200,176,12,236,116,104,108,136,196,128,100,132,192,196,160,128,100,40,144,64,36,212,224,248,76,144,160,148,124,140,124,128,136,128,120,88,36,20,8,8,8,244,240,224,200,188,168,176,196,156,168,172,168,156,136,132,148,152,156,156,160,180,180,164,124,128,148,140,128,140,156,136,140,144,152,
200,212,212,200,204,208,188,212,224,208,184,184,220,196,184,252,244,228,220,236,28,56,16,248,44,36,4,0,248,224,228,208,160,184,188,184,176,152,140,208,248,28,124,16,68,160,16,44,36,92,140,152,124,92,24,84,104,120,140,212,196,68,172,192,164,116,92,0,136,56,12,196,220,224,236,16,12,0,232,248,4,244,4,248,224,220,228,220,224,204,216,228,236,236,216,216,208,196,216,212,204,216,212,208,188,172,172,176,172,184,196,220,228,200,164,148,168,152,148,156,176,172,160,160,168,184,
184,196,188,200,224,212,196,220,228,208,192,192,212,180,200,212,212,228,224,216,248,252,228,252,72,48,252,20,52,44,16,216,176,188,172,156,148,136,144,8,92,36,116,20,44,96,232,204,204,12,72,116,40,136,168,104,116,116,188,112,4,128,156,152,124,52,192,112,60,212,148,176,176,192,216,232,232,228,204,232,220,212,228,224,208,216,224,220,216,192,204,228,224,220,212,212,220,220,212,212,216,220,216,212,200,200,200,200,212,220,228,224,220,200,176,176,200,184,172,172,192,196,188,192,200,196,
180,176,172,176,200,208,204,212,224,232,252,236,216,196,200,176,208,228,220,236,0,212,228,20,88,64,16,24,44,12,240,188,176,188,188,164,176,160,132,28,88,236,64,228,232,24,152,180,208,244,44,56,116,172,116,104,120,156,224,180,72,116,96,96,24,176,60,108,16,164,184,176,172,192,208,212,220,200,204,220,212,208,212,216,224,236,228,216,212,196,204,208,212,208,192,204,220,232,232,220,208,212,220,212,204,200,200,212,212,236,228,216,232,236,224,224,220,200,184,192,208,204,204,208,212,216,
160,176,176,168,204,216,188,200,204,208,220,208,188,192,188,184,204,188,204,216,188,184,4,56,108,100,56,16,232,200,204,192,164,168,180,168,188,164,140,12,32,188,32,220,156,192,132,204,232,28,48,212,128,244,116,124,164,48,60,60,76,56,8,240,152,64,116,64,184,208,208,200,204,216,216,236,232,216,216,216,212,208,212,216,216,216,216,220,220,208,208,212,216,196,184,192,212,216,208,200,196,212,228,228,224,216,220,212,212,232,216,216,240,240,220,200,192,188,188,200,208,204,208,204,220,220,
144,184,200,192,200,196,172,200,204,188,192,204,180,184,212,236,208,184,212,212,188,224,32,52,84,100,52,224,156,164,192,168,144,160,176,152,172,164,148,240,244,188,112,228,40,92,148,4,52,88,40,56,112,168,156,180,196,96,60,80,8,184,128,88,0,120,88,192,200,228,224,216,216,216,236,4,232,216,216,216,216,216,216,216,216,216,216,220,224,224,224,228,228,216,204,212,224,212,208,200,196,212,228,228,224,216,216,212,216,220,204,208,232,232,216,200,192,192,192,208,220,208,208,196,204,216,
148,180,184,172,188,204,200,208,196,192,204,212,200,220,236,248,220,196,212,208,224,252,228,212,240,20,244,188,176,204,168,120,132,152,156,124,136,152,160,236,4,28,204,200,204,36,200,80,132,112,248,168,236,148,152,180,84,180,132,64,196,76,4,192,92,132,216,200,220,236,236,236,224,224,252,0,224,220,212,216,212,220,216,216,216,216,220,224,228,236,236,236,232,212,208,228,228,220,212,204,196,208,224,224,220,212,212,212,208,204,196,208,228,228,216,196,192,188,180,196,204,208,204,192,196,220,
168,180,172,176,196,216,212,196,196,204,192,184,196,204,200,192,200,204,200,204,248,252,236,204,200,252,244,200,164,172,144,116,132,140,168,132,132,160,172,16,112,132,4,196,136,236,216,128,172,116,236,84,188,136,148,196,92,112,196,80,124,220,140,4,88,220,200,204,200,224,244,244,224,216,228,220,212,216,208,212,212,220,212,216,208,212,224,220,216,224,224,220,212,200,224,248,232,220,208,200,188,204,212,212,208,204,208,200,196,204,204,208,228,232,212,196,192,180,172,188,204,208,200,192,196,208,
188,188,188,204,208,192,184,196,212,212,192,172,196,216,196,172,192,196,196,196,228,0,48,0,224,24,24,4,188,200,220,188,152,140,180,156,160,164,160,52,192,184,52,176,76,224,216,136,172,116,164,232,172,152,164,32,68,44,56,88,68,108,196,8,188,208,220,208,200,224,244,240,220,212,212,204,200,208,208,212,208,212,204,200,196,192,204,212,216,216,208,204,196,188,212,232,212,200,192,184,192,204,200,204,204,208,212,200,196,204,196,200,216,220,208,200,188,176,172,184,192,204,200,200,204,208,
192,192,188,200,184,180,188,200,212,224,212,200,220,220,192,180,188,180,188,188,204,8,72,12,0,84,96,68,244,228,252,212,176,160,164,136,160,152,140,48,220,216,68,108,64,216,192,124,148,48,72,156,192,188,172,80,152,60,168,196,184,172,252,184,200,216,208,192,200,220,228,224,220,220,220,212,204,216,216,220,216,204,184,188,192,184,200,220,220,212,204,196,196,180,196,208,192,192,188,192,204,208,200,204,204,208,208,204,200,196,188,188,204,208,200,196,192,180,180,184,192,200,196,200,204,212,
180,188,184,192,196,204,196,192,200,204,184,184,212,208,188,172,176,172,172,188,224,32,48,244,44,112,120,104,56,28,12,240,200,148,132,148,168,136,140,72,8,252,36,76,68,144,108,64,112,40,12,52,168,188,164,44,240,52,192,200,180,252,184,196,216,220,212,192,204,208,200,216,224,224,224,220,220,232,228,232,216,196,172,184,200,200,216,216,220,212,196,192,200,188,208,212,192,192,196,200,212,212,208,200,200,204,204,200,200,196,188,184,196,200,192,200,200,200,196,192,196,196,204,204,200,216,
196,204,192,200,204,204,184,180,184,188,172,196,216,188,156,156,204,184,184,212,8,20,16,36,100,120,124,116,112,84,44,4,180,100,108,148,156,144,160,112,16,228,236,52,16,28,40,20,88,8,188,236,176,208,180,192,160,120,100,132,0,220,212,220,216,228,232,212,208,204,216,232,228,220,216,212,212,220,216,216,212,200,180,184,200,200,216,224,224,212,192,200,208,204,216,208,196,196,188,188,196,212,208,192,196,196,188,192,204,212,212,196,196,196,196,204,208,212,196,192,184,192,200,204,200,220,
212,216,204,220,204,188,172,164,168,176,176,204,212,196,144,184,216,208,204,212,252,228,248,64,112,96,92,116,128,100,40,232,160,116,148,180,176,160,184,92,212,168,188,16,196,196,8,36,112,0,164,212,200,216,184,160,188,4,244,208,204,216,216,220,220,236,232,204,200,208,232,240,232,220,212,208,208,208,204,204,204,192,172,196,200,192,212,228,220,188,176,196,212,208,200,196,204,196,192,192,200,216,208,196,192,192,196,200,192,204,216,200,192,192,196,204,208,208,200,192,192,184,184,188,196,216,
200,188,188,192,196,200,188,172,176,188,192,232,8,204,180,160,204,192,192,164,196,180,204,8,72,88,100,116,136,124,44,236,188,184,192,184,160,172,180,36,120,108,144,212,92,96,188,244,72,0,188,232,232,212,196,188,196,188,188,208,216,212,208,216,216,212,220,208,200,204,228,232,220,216,212,208,212,208,200,200,196,184,176,200,200,196,216,220,196,176,176,188,216,212,188,184,204,200,200,192,200,216,212,204,204,204,204,200,184,196,212,204,184,184,188,204,212,212,204,200,188,176,176,180,188,204,
208,200,208,228,244,224,212,216,224,212,208,240,240,236,188,232,200,192,168,156,160,152,180,216,40,76,56,68,116,136,104,24,212,204,224,188,164,180,168,236,24,56,116,172,44,24,72,200,52,0,204,24,40,236,184,196,224,240,224,216,220,212,208,216,196,196,220,204,200,196,220,220,216,236,232,212,208,196,184,192,204,196,192,192,196,212,212,208,208,204,192,196,216,216,192,196,212,212,212,188,192,216,216,220,220,204,196,200,200,212,224,204,172,168,188,208,204,192,192,188,184,188,192,188,188,200,
12,20,20,28,28,4,8,12,0,232,236,228,128,104,176,12,104,80,216,188,184,224,240,248,60,76,24,36,48,116,108,64,20,244,232,196,172,176,152,204,212,40,120,204,80,4,60,44,132,252,196,112,112,236,192,204,212,232,220,212,212,208,212,220,196,192,208,200,196,192,216,208,216,244,224,188,192,184,200,212,212,196,184,180,204,216,204,204,208,200,200,208,216,216,208,204,196,200,196,172,180,216,216,216,208,200,192,216,216,220,216,192,184,188,196,196,188,184,192,192,196,196,192,196,196,204,
60,28,8,24,60,92,84,48,4,28,40,148,148,64,192,188,248,224,44,4,68,96,60,40,64,44,20,52,36,160,200,116,96,32,0,200,156,156,160,204,160,8,104,4,104,252,52,120,220,44,172,80,240,28,212,204,216,228,224,216,200,200,220,216,204,196,216,200,200,192,212,196,200,212,208,208,212,220,220,216,208,192,188,192,200,208,196,188,192,180,192,216,208,200,200,188,176,184,188,172,188,212,216,208,200,196,192,204,200,176,176,188,208,208,196,196,192,192,192,200,204,200,200,204,204,208,
228,208,216,212,72,152,140,68,4,24,28,140,196,56,76,96,16,108,80,60,88,92,96,56,44,24,48,68,172,180,212,52,216,92,16,200,152,132,160,180,72,172,68,236,84,0,216,24,228,192,140,232,160,116,224,204,216,220,220,208,188,200,216,208,212,208,200,200,208,196,196,184,184,200,216,220,216,200,192,200,200,192,196,192,192,196,184,188,208,188,200,208,200,192,184,184,200,216,212,192,192,200,208,196,188,200,176,192,192,172,188,200,220,220,204,208,216,200,196,200,204,204,204,204,204,200,
216,216,200,204,84,164,140,64,244,232,220,20,116,104,164,104,156,212,196,120,128,140,192,204,252,28,24,56,40,48,128,160,176,80,24,228,148,140,160,160,24,176,100,236,136,228,100,32,204,132,168,208,52,248,0,204,208,200,204,196,188,192,188,192,216,200,196,196,216,192,188,188,208,220,228,220,208,192,188,188,192,192,188,180,188,192,180,192,220,192,212,200,200,192,192,204,216,216,212,196,184,192,204,188,196,208,200,208,204,196,196,200,220,220,208,220,220,200,188,192,204,204,204,208,204,192,
12,248,244,0,76,112,104,76,244,204,232,80,160,184,8,180,52,232,28,36,68,92,156,212,4,36,40,148,244,156,116,124,24,80,84,232,144,144,160,152,36,204,188,36,136,184,224,152,228,68,120,36,164,108,48,236,208,208,208,208,200,192,188,196,224,224,196,184,220,208,208,212,220,224,224,220,208,212,200,192,196,196,192,188,192,204,188,212,224,208,204,192,204,200,196,204,208,188,212,208,196,196,208,196,208,212,212,216,208,208,200,204,216,216,208,216,212,200,180,188,204,200,212,220,208,204,
56,32,16,4,36,100,140,116,252,0,56,112,196,20,96,144,4,232,8,8,252,188,184,152,112,84,88,148,200,100,136,60,4,60,40,204,160,152,148,128,28,164,176,224,28,176,132,176,240,72,80,80,224,248,68,228,204,212,212,208,208,208,192,192,228,220,200,208,228,228,224,224,224,224,224,216,216,216,204,200,200,204,208,196,196,200,188,212,224,208,192,192,200,192,192,208,196,180,204,204,200,200,204,200,204,188,204,200,192,196,200,200,208,212,212,208,212,200,180,188,196,200,220,220,212,208,
40,4,248,0,32,120,176,116,20,24,12,24,160,192,248,68,96,132,184,164,172,140,140,104,56,52,240,236,16,128,64,80,0,24,244,224,176,168,148,160,32,36,196,4,164,172,112,140,216,128,60,216,188,92,124,220,200,208,212,212,212,204,184,188,220,224,232,224,232,220,212,212,212,212,212,212,216,216,216,196,192,204,220,208,196,200,196,208,212,208,200,196,208,204,204,200,192,180,200,196,208,204,208,204,192,184,200,192,184,188,196,204,212,204,192,192,204,196,188,196,196,200,212,204,196,204,
32,236,228,248,20,164,208,144,44,20,32,120,188,208,252,212,124,92,184,140,148,128,92,72,24,28,200,84,132,204,68,132,36,16,240,216,188,192,168,184,212,16,108,64,144,216,120,132,192,92,48,180,40,72,204,228,216,220,208,204,204,200,188,200,220,212,220,204,212,196,208,208,208,204,204,204,216,216,208,188,184,196,212,204,196,196,204,204,204,208,208,208,212,220,216,200,188,192,204,188,188,208,216,204,188,188,200,200,196,196,204,212,216,208,200,200,204,200,200,204,196,184,184,184,192,204,
56,4,4,0,252,176,224,196,60,20,60,120,132,176,212,140,4,24,144,152,164,140,108,88,16,20,132,12,56,148,120,176,44,244,228,220,224,192,168,180,196,180,224,24,172,4,160,140,156,24,32,152,148,192,216,216,208,204,188,200,200,200,196,200,204,224,236,212,212,196,216,216,212,204,200,200,208,204,192,196,204,216,216,196,188,200,208,208,212,216,212,204,208,212,204,200,192,200,192,196,208,228,212,204,200,192,196,204,200,192,184,196,204,204,204,200,196,188,184,188,176,156,172,192,192,188,
56,252,20,248,248,108,188,228,20,196,212,96,156,148,204,80,160,0,168,164,156,128,124,76,12,28,140,8,56,140,116,148,0,196,192,188,196,180,164,172,176,152,176,208,144,24,180,116,144,232,204,128,60,48,176,248,236,212,200,184,188,204,208,200,208,220,216,212,216,208,216,216,212,200,200,200,196,200,176,208,224,232,216,188,180,200,208,216,216,200,188,196,208,200,196,192,188,180,180,196,208,224,204,208,196,184,192,200,196,180,192,204,200,204,200,188,188,188,184,184,172,160,204,208,188,188,
44,16,252,248,224,192,176,232,192,36,224,52,140,184,208,88,200,56,188,172,152,120,108,60,4,12,116,12,40,112,156,196,252,164,196,172,172,160,152,152,164,160,148,176,144,44,188,116,148,192,136,140,112,244,176,20,240,208,180,164,192,216,228,216,204,192,188,192,216,216,216,216,208,200,204,192,192,196,188,196,204,208,208,204,196,208,204,220,220,200,192,208,212,204,204,204,188,176,184,188,196,208,200,212,188,180,188,196,200,208,216,208,200,188,196,184,188,196,196,192,168,180,232,216,200,204,
124,192,64,76,208,80,148,100,72,96,156,16,212,32,240,72,216,80,232,220,184,128,104,80,36,28,116,4,16,144,76,144,20,140,184,152,172,164,164,156,156,148,148,196,168,64,212,136,148,152,76,104,184,36,164,8,232,204,180,192,208,220,232,212,200,200,196,192,216,216,216,216,212,208,196,184,200,216,208,208,208,212,224,224,208,208,200,220,208,208,216,220,216,204,208,212,196,192,204,204,200,208,196,216,200,200,200,208,220,212,208,204,184,184,196,192,192,204,204,192,180,192,216,204,192,204,
216,0,192,180,16,192,4,40,124,124,92,88,176,44,20,48,200,80,12,4,212,168,144,104,68,32,116,16,12,188,28,92,52,144,164,152,180,192,188,168,152,128,148,192,176,96,236,140,136,156,16,28,224,60,76,12,232,212,200,216,204,216,236,208,192,200,196,192,212,212,216,216,216,208,192,184,196,200,196,216,208,200,208,192,204,204,204,200,208,228,224,228,216,204,220,220,204,204,212,208,200,196,172,212,192,204,196,196,200,192,188,192,196,204,200,188,192,204,204,196,188,188,192,204,188,196,
92,100,132,96,60,68,108,104,128,108,88,220,40,160,4,64,188,80,16,4,244,216,164,144,92,28,120,44,8,248,212,236,148,200,192,164,160,168,180,176,160,152,156,180,180,108,228,140,140,156,220,204,160,56,96,16,232,220,224,216,196,208,236,208,192,196,200,196,208,212,216,216,216,216,200,200,204,204,208,224,204,188,204,200,204,212,204,208,232,228,216,212,216,224,220,204,208,216,216,208,200,180,172,192,180,188,184,200,200,188,188,200,216,220,200,196,200,208,204,200,200,192,204,208,180,188,
236,20,248,224,240,32,48,80,76,32,236,188,8,196,16,60,156,48,8,12,252,240,176,168,120,120,204,64,16,96,156,156,16,240,212,176,152,168,184,176,156,148,144,172,192,128,8,160,140,152,208,120,32,76,88,36,8,240,240,216,184,204,232,200,172,192,208,212,220,220,224,224,224,224,220,216,208,208,212,216,200,196,208,208,212,224,200,204,228,224,204,208,232,232,208,196,208,216,216,212,204,192,192,204,200,172,192,208,200,192,196,208,220,212,200,200,196,196,192,196,200,200,220,212,180,200,
228,212,204,204,192,184,184,228,28,24,48,68,112,248,92,32,100,28,16,28,12,236,8,112,36,68,24,252,72,160,64,36,76,248,216,168,148,168,172,160,144,144,144,180,204,164,48,180,132,136,192,32,200,104,184,176,8,252,16,248,212,212,232,208,180,196,208,228,224,228,232,232,224,220,216,220,220,220,208,200,200,212,204,196,216,208,224,244,0,224,208,212,228,228,208,200,212,216,216,208,212,192,188,208,180,176,204,200,188,196,196,212,220,212,196,188,184,192,204,216,212,224,236,220,196,220,
232,208,192,196,188,180,136,168,240,240,228,212,168,148,196,12,96,32,24,20,64,220,200,184,76,36,192,44,236,228,148,104,108,4,228,180,160,176,184,184,168,164,168,204,212,176,64,192,120,132,148,196,156,112,176,108,8,20,0,8,220,208,252,248,208,192,216,220,212,208,216,216,220,212,192,204,208,216,216,204,212,220,204,208,200,212,244,248,232,208,204,216,224,224,212,212,224,220,208,216,212,180,172,172,156,180,216,204,192,192,196,204,212,208,200,188,192,200,224,220,220,232,228,212,196,220,
184,148,124,180,200,232,168,228,252,0,220,224,128,8,188,4,48,16,24,208,168,124,0,56,48,8,236,228,216,100,160,160,160,252,212,176,160,176,188,192,176,168,196,240,248,212,116,220,112,124,136,176,36,60,180,168,60,152,136,8,228,212,228,252,208,176,204,200,196,192,196,216,240,224,216,232,208,216,220,212,208,212,220,236,244,8,4,220,228,208,216,232,232,224,216,216,228,212,208,216,216,204,188,196,200,128,48,72,200,196,192,208,228,224,208,196,208,204,224,216,224,232,228,220,212,232,
96,64,40,92,120,140,144,188,212,200,180,252,24,64,188,16,48,52,252,4,120,160,192,208,232,232,216,24,92,208,164,184,180,232,232,200,172,168,188,196,168,168,192,228,4,236,152,240,152,136,156,168,240,72,72,48,24,4,160,96,112,224,212,12,244,188,200,196,188,184,200,228,220,208,244,0,220,216,212,216,220,216,208,232,12,12,212,196,224,216,224,232,232,220,212,204,200,200,208,200,208,196,232,108,164,132,52,144,216,192,188,208,228,224,208,204,216,204,220,212,228,232,232,236,228,228,
48,16,248,28,12,84,108,124,128,120,124,128,160,140,204,48,80,20,40,104,108,100,88,124,196,220,184,20,176,64,200,176,160,240,16,216,196,172,192,184,156,156,160,204,244,216,156,20,172,96,124,152,224,220,224,92,40,196,68,0,184,116,92,72,44,204,208,212,208,224,236,232,216,196,228,20,248,220,204,220,232,224,196,228,4,228,208,216,224,212,212,216,220,216,208,216,200,208,216,232,8,148,176,92,180,28,236,80,196,192,200,216,228,224,208,204,216,200,208,216,244,236,240,252,240,244,
56,16,252,4,236,60,76,72,68,108,72,224,64,144,244,28,252,84,112,100,96,72,56,112,200,224,200,24,164,68,180,136,124,12,44,16,228,172,184,164,140,136,152,200,216,224,188,68,192,100,136,148,188,144,224,152,212,48,196,44,172,84,180,204,204,240,236,24,32,44,24,8,4,220,240,28,0,248,196,228,244,248,248,64,40,4,236,224,212,192,208,216,204,200,220,224,224,0,84,236,32,180,216,72,204,196,128,0,212,208,204,216,228,220,212,216,216,208,204,212,244,228,236,240,252,0,
16,244,16,252,0,36,60,76,68,84,132,224,148,144,168,64,20,204,136,108,80,56,36,80,168,220,220,4,108,24,132,84,72,0,48,56,240,176,196,192,168,156,184,204,216,224,184,112,220,144,132,140,152,208,232,0,104,40,88,128,72,188,32,196,88,188,196,40,84,92,20,12,96,52,40,224,108,84,8,48,200,52,116,136,108,32,116,252,192,232,232,200,212,184,188,20,0,72,120,140,104,160,44,172,48,156,184,252,216,216,216,228,228,224,232,228,228,228,220,220,236,232,244,248,0,8,
12,8,20,12,0,228,16,52,92,112,4,152,112,96,168,36,216,244,144,68,44,20,8,68,176,236,232,220,60,48,112,48,20,220,12,36,220,160,176,192,180,168,196,216,216,196,212,164,0,164,124,144,148,212,160,24,164,248,252,60,152,40,196,64,172,236,232,76,136,96,24,136,232,204,112,164,4,244,172,100,128,0,8,0,204,232,120,248,108,200,84,36,8,40,128,36,204,8,108,236,96,236,176,172,200,208,100,224,216,232,236,236,236,228,236,224,232,252,0,244,252,0,12,12,8,4,
216,192,216,240,220,204,4,48,44,80,248,160,88,92,0,24,36,0,172,92,36,20,16,72,148,220,200,192,100,96,120,16,244,0,12,4,200,164,188,208,192,168,192,228,240,228,252,196,32,172,124,128,144,148,224,244,196,52,220,44,64,104,252,172,88,108,100,128,168,144,144,216,252,236,204,156,136,100,64,144,236,24,48,248,184,48,224,36,152,140,216,148,172,248,236,172,164,84,132,224,192,208,208,124,252,4,32,224,208,208,212,232,232,228,240,220,220,244,252,248,252,252,12,8,252,244,
196,212,216,244,236,252,60,56,44,28,192,40,104,104,112,156,8,244,184,100,84,68,24,52,140,216,172,148,80,84,76,208,220,0,224,192,172,164,180,196,184,152,172,220,208,212,232,248,124,200,120,120,136,148,188,152,212,56,156,24,68,128,232,120,24,124,184,204,236,4,20,68,96,64,20,36,44,44,52,48,36,24,36,20,36,48,12,148,124,64,236,188,192,220,0,100,216,104,8,240,244,212,140,192,204,76,248,220,224,220,232,244,244,240,240,220,224,248,248,248,8,12,20,12,244,236,
228,212,224,252,236,200,12,20,40,68,136,20,68,252,140,252,52,48,212,136,160,120,36,124,180,212,140,156,112,72,32,172,160,216,208,220,196,164,168,196,176,140,160,192,184,188,204,24,180,220,148,128,132,128,172,4,128,28,40,0,72,168,36,180,40,92,128,160,208,240,20,72,88,44,24,56,72,100,88,80,48,36,48,32,0,4,240,248,8,244,192,128,244,116,212,68,0,24,48,72,36,180,32,192,220,240,208,224,244,236,248,4,248,228,220,212,208,220,228,248,16,8,24,24,0,244,
232,196,208,8,0,0,12,24,252,52,44,56,224,192,184,40,76,76,200,176,204,136,72,176,216,228,220,248,160,108,12,112,104,208,228,248,196,148,184,200,176,144,160,180,176,184,180,32,240,12,176,136,124,132,172,208,80,8,216,180,40,156,76,204,28,60,108,160,216,4,52,72,44,8,32,48,56,52,32,24,4,244,232,232,220,192,172,164,156,116,60,176,248,72,196,192,236,28,52,88,52,180,100,84,16,204,192,224,244,244,0,4,244,228,228,216,204,220,240,4,36,28,52,60,8,240,
252,220,244,0,244,8,8,48,152,36,4,56,168,172,204,204,12,248,192,200,188,160,104,140,128,168,252,248,184,148,4,84,136,4,252,4,192,156,188,200,176,144,144,168,192,180,192,96,100,72,200,132,124,136,152,192,104,168,172,200,236,148,96,212,8,32,84,156,224,16,56,52,0,252,36,32,16,248,216,200,192,176,176,192,172,136,108,80,8,160,68,184,8,120,76,148,244,28,64,68,240,64,100,152,232,192,180,212,228,244,0,252,244,240,244,236,228,236,236,0,36,28,56,60,4,0,
240,228,16,244,236,16,28,88,36,180,20,84,248,204,176,184,184,188,224,212,176,168,116,100,104,204,8,216,196,172,36,68,156,36,232,220,176,152,168,184,172,144,144,196,212,184,232,116,124,120,204,140,132,144,148,200,44,140,36,208,244,12,168,224,252,4,52,128,196,232,28,20,252,0,16,244,220,176,136,124,132,124,108,120,104,88,72,24,180,68,244,108,196,88,80,152,220,0,56,76,216,152,108,44,196,164,172,192,224,248,0,248,236,228,240,236,228,232,240,4,36,32,64,48,12,20,
228,188,244,236,252,32,68,48,60,124,24,100,240,204,208,172,156,184,188,136,116,136,92,80,148,0,232,200,212,200,28,12,160,56,232,208,200,176,176,192,188,152,152,212,212,220,4,112,148,200,228,152,140,140,136,180,244,60,224,208,108,148,204,220,232,228,16,88,164,220,0,0,244,248,232,188,156,108,64,64,68,56,44,56,56,52,36,8,200,100,4,132,32,208,184,196,216,232,8,248,124,208,172,220,188,184,192,212,236,0,12,248,228,220,220,204,204,224,236,16,40,44,60,56,44,28,
188,216,28,8,4,8,100,192,24,128,12,44,80,24,216,208,152,140,116,104,84,56,60,44,112,208,176,168,156,156,212,184,152,64,240,208,216,176,184,192,184,156,168,212,220,240,52,168,196,252,8,168,140,140,128,148,200,44,24,60,208,180,172,164,192,200,220,12,104,160,208,216,196,192,156,136,116,72,44,48,56,44,44,52,36,4,244,228,168,96,52,248,152,60,0,224,216,208,224,136,68,156,40,208,196,196,200,216,232,248,0,236,224,216,208,192,200,220,244,24,40,60,84,92,76,32,
196,24,72,44,252,32,148,188,44,204,44,240,136,96,248,204,148,140,168,156,52,20,40,236,16,116,152,120,84,96,152,172,160,52,244,228,212,172,184,184,164,136,148,212,0,16,88,200,216,32,32,156,132,140,140,152,196,84,176,12,48,192,156,164,188,180,160,236,44,104,172,172,140,116,84,68,48,20,4,44,44,44,52,44,20,252,232,200,136,80,36,224,156,84,252,196,200,220,44,92,28,188,244,192,180,192,196,220,236,244,252,236,228,216,208,196,200,220,244,16,48,80,116,132,108,28,
244,32,68,44,40,108,180,24,200,232,96,220,80,236,140,108,84,132,164,72,248,36,44,252,252,100,160,112,36,68,160,168,124,68,24,240,200,156,172,184,168,136,156,220,12,244,28,112,184,64,64,180,144,136,136,128,184,136,116,252,116,136,96,144,152,124,148,208,8,92,140,116,76,44,244,196,172,168,204,228,252,8,28,40,48,36,0,196,140,68,12,212,196,148,56,20,248,8,96,244,52,16,204,176,168,184,212,224,228,224,244,240,232,220,216,200,200,220,240,16,52,100,148,168,108,16,
244,40,64,12,0,176,148,200,24,192,92,216,40,88,160,64,52,72,52,252,244,36,36,4,212,68,148,104,40,80,156,104,84,60,252,204,160,128,156,180,168,164,196,208,236,220,244,92,208,128,108,196,136,128,120,128,192,224,116,216,92,240,128,216,56,136,160,164,16,96,116,64,28,8,192,144,120,124,140,152,164,184,236,20,64,72,44,252,192,100,44,248,248,188,112,24,252,96,76,228,84,184,180,176,172,196,208,200,204,212,244,240,240,228,220,204,200,204,228,4,44,120,180,184,108,32,
236,244,228,152,68,220,48,88,248,220,56,0,16,168,160,228,20,252,252,16,24,48,36,0,224,88,132,92,52,112,168,72,36,8,200,168,132,120,144,160,152,156,184,204,240,212,248,112,204,172,188,224,164,140,132,148,236,92,76,8,8,0,172,92,100,76,60,184,20,68,92,44,16,248,212,164,108,48,40,192,176,0,108,196,32,76,76,56,0,180,124,84,60,48,248,52,252,176,132,116,232,168,172,184,172,196,188,192,208,228,248,236,236,220,216,212,200,196,228,0,40,132,208,180,92,36,
188,132,80,240,108,184,64,248,236,148,52,248,12,52,236,20,172,152,196,240,240,48,32,244,252,108,136,104,40,64,92,232,228,220,180,164,148,140,152,172,160,152,184,212,220,184,252,84,168,204,28,12,212,152,128,152,24,48,28,104,100,16,116,196,68,252,156,212,0,40,64,28,16,20,216,24,48,80,228,228,32,252,56,68,4,100,116,112,104,56,16,4,240,248,164,224,220,244,128,108,196,168,184,180,168,184,188,196,204,228,244,232,224,212,216,212,196,208,248,16,52,160,248,184,92,48,
96,8,128,8,44,252,168,36,24,48,36,236,4,32,144,68,56,104,144,116,136,224,192,176,232,100,136,72,248,20,56,180,248,16,220,196,176,160,172,184,168,172,200,228,212,200,40,112,180,236,56,40,204,156,152,220,220,120,224,184,240,48,48,248,48,192,156,200,232,12,40,16,4,208,196,220,52,112,176,48,40,108,152,184,88,152,124,112,104,84,84,72,64,76,52,232,216,72,136,64,184,176,176,168,164,184,184,188,204,228,240,240,244,236,232,212,204,220,248,20,64,172,244,168,96,40,
172,228,48,48,112,72,148,212,220,48,64,240,248,8,68,196,188,76,96,52,96,136,136,120,156,20,48,248,184,228,20,132,32,40,8,220,188,176,176,172,164,168,188,224,220,220,56,140,208,224,64,80,200,188,152,252,92,24,28,200,28,64,180,104,112,12,68,144,160,180,224,220,184,12,84,132,120,24,252,240,8,44,24,84,136,100,44,12,4,12,24,40,80,100,116,92,12,112,248,152,200,184,168,164,164,176,192,220,216,208,224,248,0,248,236,204,184,188,216,16,84,184,228,144,80,4,
116,252,56,68,160,116,148,196,244,68,76,236,220,4,76,104,36,240,32,0,32,68,120,112,148,232,8,220,124,184,228,116,60,52,24,220,196,176,172,176,172,176,204,208,200,212,40,140,208,224,124,148,232,204,156,32,160,140,36,180,28,76,96,52,216,136,108,100,136,168,184,160,120,24,100,188,56,252,140,192,204,40,16,36,44,8,0,244,224,244,8,16,56,68,84,48,244,132,136,72,248,180,160,160,152,172,188,196,204,224,244,248,248,244,228,188,168,184,224,12,84,184,220,140,60,244,
8,220,252,160,240,68,216,228,252,68,100,252,220,4,40,48,196,116,232,8,12,20,68,84,124,200,248,220,84,160,140,104,76,88,24,244,200,176,176,188,176,184,200,180,172,212,16,136,216,224,140,180,252,216,192,52,4,224,232,112,212,240,0,8,208,104,60,72,128,152,148,136,156,192,200,200,192,240,252,36,44,40,28,36,4,212,208,176,156,196,224,248,16,20,12,0,228,128,212,184,8,156,148,148,144,172,184,200,220,232,248,252,0,248,220,192,188,204,240,24,80,164,184,136,52,248,
144,252,212,188,72,20,184,228,228,72,104,240,204,248,20,48,88,196,140,0,12,236,20,44,76,152,236,220,76,132,92,52,108,112,36,4,192,192,200,172,148,152,172,172,164,204,40,200,0,216,128,204,28,220,204,60,48,216,144,252,120,168,188,180,80,200,168,220,244,24,116,192,244,28,32,48,80,80,68,80,56,20,12,228,164,104,104,92,96,128,172,192,196,216,208,184,172,100,224,236,8,168,148,148,144,172,184,200,220,240,4,4,8,244,220,212,200,200,248,24,60,136,168,136,56,252,
108,232,12,156,160,4,196,24,232,36,84,220,192,216,4,32,28,100,20,188,8,208,232,28,56,136,228,204,64,120,56,16,104,84,44,4,216,232,220,188,172,160,180,188,192,248,104,4,36,220,124,216,48,220,220,72,40,192,72,144,228,52,120,88,180,248,28,68,244,44,208,132,232,16,40,68,40,32,40,48,4,220,172,96,20,236,20,64,68,60,72,60,84,124,128,124,136,76,8,56,56,196,164,156,156,180,180,200,220,240,252,4,4,232,220,204,192,196,240,8,60,152,160,120,64,4,
64,236,60,8,212,196,176,64,200,4,76,232,200,232,0,252,16,80,140,56,176,184,204,228,4,124,196,200,64,104,20,236,96,80,20,244,228,224,204,184,152,160,176,164,204,8,92,208,244,184,80,204,60,220,200,56,20,184,40,4,48,188,40,32,152,168,148,104,228,12,248,44,228,28,32,32,248,240,228,208,176,120,64,240,184,172,236,24,48,40,20,252,4,24,60,76,84,60,44,144,104,220,184,176,164,172,164,196,224,248,248,244,232,220,212,192,200,208,232,12,80,152,124,100,48,12,
36,196,0,92,120,168,172,120,192,12,60,252,220,228,248,248,44,68,76,172,40,128,140,160,224,60,160,192,60,96,240,212,100,48,192,192,184,188,208,176,128,152,176,188,220,16,56,92,156,164,84,220,92,232,228,84,36,180,220,108,156,52,180,0,204,208,228,68,156,108,140,164,16,24,248,204,168,140,96,68,12,208,144,96,68,112,168,216,16,16,244,220,216,224,252,12,28,8,252,88,84,208,168,164,144,144,156,192,216,228,228,212,204,204,204,196,204,200,228,16,84,144,124,112,52,252,
12,112,188,136,108,136,200,164,232,4,52,20,228,228,252,244,24,56,76,108,180,16,48,108,188,0,144,164,32,44,188,148,40,216,172,204,196,216,240,208,164,176,228,228,216,4,36,68,176,184,88,208,88,24,20,132,76,140,160,72,112,216,72,208,8,68,20,212,232,220,164,248,216,196,152,116,68,0,212,156,80,28,248,244,8,88,144,196,240,252,252,248,248,240,228,208,224,208,168,44,96,196,156,168,144,144,160,184,192,208,204,192,196,208,216,208,208,184,220,0,56,116,116,84,24,232,
28,108,8,112,44,68,136,60,204,244,40,24,212,220,240,244,24,36,60,96,164,172,140,252,116,224,124,184,24,232,124,84,236,204,224,244,236,228,232,220,188,172,200,204,212,244,80,152,228,192,88,228,148,104,68,220,96,60,124,76,76,136,236,80,132,32,96,16,220,164,24,76,84,80,76,64,24,244,188,76,252,228,224,0,52,152,204,212,240,4,16,28,56,64,56,28,4,200,192,136,120,204,160,164,132,136,160,200,224,220,200,196,212,224,228,224,212,192,228,244,44,96,88,60,20,244,
92,108,16,12,240,188,192,184,220,8,40,20,180,200,220,240,12,24,44,88,132,88,28,100,240,84,8,192,0,132,92,76,224,212,220,252,0,236,220,216,180,152,176,208,220,36,160,224,4,184,92,0,232,216,156,4,60,204,84,44,32,48,76,144,152,48,188,152,28,172,36,144,180,212,228,216,196,160,104,248,196,244,64,88,120,176,216,232,4,16,24,44,76,104,128,132,104,8,0,212,152,224,168,152,128,140,164,216,240,224,200,196,216,228,228,220,208,200,228,4,68,92,80,60,32,248,
156,52,96,72,80,60,8,240,192,244,28,0,176,196,212,232,16,24,36,56,100,100,24,28,108,136,140,200,220,28,84,108,252,200,204,248,4,224,196,180,156,164,188,192,216,24,136,232,4,184,112,40,48,240,132,244,248,184,116,64,52,236,184,204,120,204,116,124,248,160,92,212,12,60,76,60,56,44,12,184,160,244,36,68,104,160,200,220,248,248,12,44,80,116,152,156,120,28,56,84,244,244,176,156,140,148,164,204,216,212,196,192,212,220,220,212,196,196,224,20,80,84,80,68,24,228,
180,212,236,132,180,192,152,64,36,36,44,0,188,216,220,236,24,12,20,40,88,88,248,4,104,128,160,224,192,200,52,92,244,232,244,16,8,220,200,180,160,152,172,184,200,232,100,208,252,196,124,12,0,244,240,28,220,228,152,152,112,0,144,0,36,76,36,56,116,236,192,104,220,60,116,128,160,152,100,24,32,124,204,32,108,144,164,208,224,232,8,52,100,144,164,144,108,36,100,160,28,236,176,164,156,164,176,192,188,204,200,204,216,216,212,212,200,200,232,36,80,72,68,44,0,228,
164,92,68,108,184,28,104,196,28,200,192,120,8,232,224,244,0,248,40,36,68,76,248,20,140,160,188,12,228,168,228,76,28,24,32,56,28,220,208,192,160,140,176,212,240,24,120,224,252,172,68,8,48,60,4,224,232,32,216,248,228,140,216,240,248,68,60,136,164,168,224,44,96,252,116,208,236,196,132,108,144,8,112,216,20,44,108,164,188,236,12,48,88,108,124,92,72,16,76,144,28,220,188,176,164,172,180,184,188,212,212,216,224,220,212,212,204,200,236,40,64,52,44,24,0,236,
196,104,88,4,0,244,76,12,124,4,68,28,172,20,212,240,244,24,68,36,64,64,244,24,124,168,220,48,28,168,200,116,48,44,76,72,8,204,192,180,148,136,180,224,32,76,156,212,216,152,104,72,84,48,188,148,48,120,28,48,40,236,104,120,128,72,172,52,76,252,176,36,216,60,180,8,4,240,12,96,192,52,136,200,224,28,104,140,176,236,252,16,36,44,52,12,236,172,4,104,0,224,196,156,140,160,172,184,200,224,228,236,244,228,212,212,204,204,240,28,44,44,48,28,4,236,
228,88,124,244,252,236,228,224,96,72,4,148,112,160,216,224,244,48,76,40,52,12,228,16,100,184,232,80,144,208,176,116,40,32,48,12,232,196,172,164,140,124,176,228,32,116,164,184,188,156,100,40,76,48,160,192,116,132,32,40,44,24,192,232,88,128,200,0,236,216,172,80,8,244,24,44,64,64,132,236,112,224,52,100,128,140,148,152,160,208,236,8,4,236,240,204,180,116,204,36,196,216,168,128,136,160,164,184,196,216,228,236,240,220,204,204,208,212,240,16,32,44,40,20,252,232,
176,52,164,4,4,0,228,196,0,164,232,104,116,248,236,204,4,28,56,48,20,220,216,240,76,188,12,148,92,8,136,92,16,12,12,4,252,212,192,188,156,148,192,236,40,128,164,188,188,156,108,68,112,24,152,184,36,12,244,20,24,16,188,12,196,16,84,104,76,72,72,68,44,48,64,24,216,212,232,76,216,72,144,176,188,180,196,172,144,176,200,212,192,180,172,160,144,80,148,172,96,172,144,136,148,160,176,188,192,212,212,220,232,216,204,204,200,212,236,12,24,32,28,12,244,232,
212,0,224,16,16,4,228,224,252,60,92,84,72,188,216,220,236,232,24,28,8,212,200,216,44,172,16,224,60,76,112,60,240,248,24,32,248,196,196,188,172,160,216,236,48,120,160,184,196,164,104,84,68,240,164,156,140,80,192,244,240,228,156,40,228,252,76,84,48,64,48,40,72,108,68,252,228,224,236,84,200,44,112,140,144,196,184,148,120,120,96,96,112,132,124,132,92,212,192,216,8,160,148,144,148,172,164,180,196,212,204,212,224,212,196,180,176,204,236,16,32,36,36,4,236,220,
4,4,20,16,248,240,208,0,244,32,116,92,40,112,208,204,204,228,248,28,16,220,204,216,244,108,200,216,92,136,104,24,196,216,8,20,232,184,184,176,188,188,224,252,60,108,148,176,188,144,116,80,36,0,200,124,244,188,100,196,180,200,164,60,208,204,240,244,252,244,212,240,4,248,188,132,88,96,192,88,236,80,120,108,124,148,120,92,100,80,36,48,68,72,84,80,232,56,28,140,40,172,136,144,172,192,176,196,192,216,208,204,220,204,180,164,172,212,248,24,36,48,28,0,228,220,
160,252,20,0,208,208,64,56,36,136,156,92,180,228,172,204,4,0,12,64,28,240,220,208,192,12,52,36,244,172,100,252,204,232,252,244,216,180,164,168,188,164,212,236,44,108,144,152,156,136,96,28,248,252,188,92,172,12,212,152,148,184,144,52,20,204,136,128,116,116,168,168,108,56,244,168,160,36,0,212,64,124,128,112,92,84,64,60,68,48,32,56,44,36,40,0,180,88,168,152,40,48,168,148,160,184,188,196,180,208,212,204,208,192,176,180,204,224,244,4,28,32,0,244,236,224,
128,224,164,36,252,228,180,60,128,140,100,164,236,192,208,232,8,232,40,76,4,220,188,136,84,136,196,192,140,200,48,236,8,24,244,216,204,176,172,164,168,144,184,236,56,116,108,112,128,100,36,220,212,200,124,88,92,92,0,176,172,152,88,92,44,200,152,128,100,136,176,116,64,4,208,196,244,112,16,148,180,216,252,248,236,240,240,244,4,252,12,44,60,56,44,24,28,24,236,8,164,108,192,172,176,200,204,192,168,204,224,224,212,184,172,196,220,208,228,0,20,8,232,240,248,236,
132,92,8,212,140,64,76,128,92,64,168,168,160,184,200,212,208,204,244,224,148,100,60,20,248,108,148,16,168,128,236,196,236,236,212,180,144,124,116,100,112,72,112,136,180,212,184,172,164,140,68,40,44,32,56,124,160,44,140,192,148,68,32,252,212,208,16,32,36,60,36,0,232,188,168,160,144,128,180,236,252,36,64,72,84,140,200,232,244,4,48,72,96,92,100,140,128,60,196,248,100,248,228,216,232,232,228,208,188,212,232,248,224,204,200,204,208,208,224,240,252,228,216,236,252,232,
108,44,208,108,128,96,92,52,4,60,108,152,124,132,136,124,132,120,100,104,80,44,20,8,8,124,136,108,236,68,176,84,72,68,48,20,16,16,12,244,252,232,232,212,208,212,220,228,212,176,176,204,196,208,40,220,152,88,128,156,152,160,148,156,128,168,236,248,16,252,196,124,60,8,244,8,0,0,4,248,4,12,16,36,44,80,100,116,128,124,124,104,108,92,100,80,12,204,56,92,236,236,240,240,8,12,236,200,224,228,244,232,240,244,204,204,232,208,220,228,212,192,208,228,236,220,
40,128,84,8,156,96,44,244,40,140,128,76,24,40,20,24,68,60,44,64,84,44,8,12,24,132,136,0,88,216,136,24,244,240,236,244,244,244,236,224,240,220,212,212,208,216,240,240,208,200,172,152,4,28,104,236,40,28,72,132,192,252,40,56,64,112,128,128,112,36,216,168,136,100,80,64,36,28,248,208,200,184,148,144,128,96,80,84,64,48,252,208,196,204,232,132,36,192,32,96,248,196,132,92,28,0,160,128,96,32,8,224,192,180,184,208,216,212,0,252,220,228,216,236,236,220,
140,52,64,164,96,68,36,52,168,240,148,96,28,24,4,28,52,36,12,4,52,32,28,44,32,132,60,116,188,76,108,232,232,232,232,232,236,236,232,224,240,232,224,224,220,224,232,212,212,168,20,224,8,4,108,68,124,116,80,76,76,88,88,80,64,68,68,84,84,56,36,52,76,88,76,60,52,72,64,40,60,84,84,88,76,60,60,68,76,96,88,104,124,184,188,108,24,212,132,12,172,76,244,120,252,176,68,236,120,16,208,104,232,164,72,220,80,8,0,232,224,228,224,244,224,216,
184,216,156,96,52,40,48,120,236,28,0,192,44,28,24,20,32,24,4,236,0,4,24,36,24,136,232,52,76,244,112,232,244,244,244,248,244,240,236,216,224,216,200,208,228,232,204,204,200,136,172,24,248,64,104,88,96,124,128,100,88,76,60,60,64,64,76,64,68,48,36,56,48,32,40,44,36,40,20,32,48,56,36,32,20,24,36,36,44,76,84,76,52,48,48,40,40,36,20,32,72,84,96,96,84,120,152,152,100,96,52,160,32,76,112,92,72,144,208,200,16,228,252,236,224,220,
92,100,124,100,76,92,140,224,16,24,88,156,36,244,8,252,32,20,16,232,240,0,36,36,44,104,180,20,252,224,112,232,236,252,252,248,244,244,248,220,208,196,196,204,228,208,184,244,0,64,192,252,4,252,92,16,236,12,48,236,188,164,48,116,104,96,80,80,80,68,68,76,48,36,56,52,64,56,36,56,52,36,32,32,24,32,44,32,24,40,44,44,44,44,20,8,12,0,8,28,40,36,24,24,24,80,88,96,104,36,212,24,116,128,112,44,212,244,80,192,176,48,248,12,236,240,
92,136,128,148,128,172,228,12,0,216,40,156,16,4,252,240,12,12,24,252,252,4,20,20,52,100,180,236,196,192,100,220,232,248,252,244,236,240,244,216,196,196,216,224,228,188,68,192,192,136,160,236,144,248,252,180,116,224,212,64,32,196,228,204,108,84,76,96,84,68,72,84,76,64,64,52,52,52,48,56,52,52,44,40,32,32,36,20,16,32,44,48,48,36,12,0,0,12,32,36,32,32,44,72,100,52,120,208,80,160,140,160,196,24,0,248,4,204,212,196,44,220,104,0,236,4,
124,140,180,172,164,208,244,36,248,172,148,204,68,4,236,252,12,24,28,0,228,220,224,8,84,108,164,172,136,176,96,212,236,244,232,220,224,236,228,220,212,232,228,224,200,156,240,108,32,36,72,112,136,196,196,216,176,176,160,164,208,48,48,192,96,232,132,112,104,72,76,76,84,80,88,60,56,60,64,48,64,60,40,44,44,40,48,36,40,44,52,40,44,44,40,28,16,16,24,32,40,28,252,228,244,28,16,96,180,140,156,0,68,244,248,224,196,176,188,124,156,156,244,180,244,24,
140,192,180,152,168,184,216,28,196,140,172,208,152,8,248,240,244,0,12,224,208,212,224,244,12,48,104,84,116,168,92,220,240,228,212,208,232,228,212,208,236,224,200,216,20,132,88,180,212,236,244,244,48,228,240,0,172,176,228,200,216,208,200,176,8,168,16,8,228,8,24,28,44,44,40,44,52,72,48,52,76,64,56,56,60,48,60,60,64,60,52,40,36,52,64,44,36,32,244,124,212,20,100,60,224,168,104,32,120,204,104,68,92,208,208,192,180,152,104,44,104,180,244,92,12,8,
144,176,156,144,164,188,228,236,88,72,144,212,236,8,8,0,252,248,248,240,248,244,240,240,20,64,68,84,140,204,112,228,224,224,208,220,228,224,200,208,236,184,208,24,172,60,176,164,196,192,200,140,252,36,24,236,192,240,232,224,196,172,208,208,68,176,188,0,156,220,0,16,16,8,24,84,168,224,12,164,64,80,44,68,60,48,64,72,80,72,76,44,28,60,28,44,184,176,120,52,28,100,28,124,8,64,92,128,24,4,168,20,44,204,196,192,176,132,72,52,112,156,172,232,60,28,
116,132,124,116,140,168,200,172,28,12,100,16,52,60,64,60,52,40,44,32,48,32,12,36,100,152,124,112,172,8,92,212,216,216,212,216,228,228,200,224,224,212,8,112,64,104,168,164,196,204,196,172,164,4,16,220,204,192,224,32,220,184,216,216,232,232,56,32,48,116,132,160,156,156,168,208,60,168,184,84,132,128,108,112,76,72,84,92,100,88,92,40,72,28,204,140,148,120,16,192,24,4,136,88,124,112,152,236,224,112,28,184,128,232,220,208,116,56,48,56,88,120,72,196,120,244,
72,96,96,96,108,132,148,104,224,192,48,100,152,4,0,32,60,48,16,240,208,184,200,228,12,12,244,8,96,88,64,216,220,212,216,220,236,224,220,212,196,148,252,228,32,156,156,124,184,160,160,208,92,212,24,232,252,228,8,0,200,188,216,236,240,4,36,152,88,0,252,32,24,12,248,32,116,180,160,92,140,120,100,76,8,240,196,16,224,212,4,184,132,156,140,228,160,48,116,8,76,108,48,8,64,92,152,196,196,48,76,192,200,240,48,228,12,236,76,128,72,160,8,48,212,176,
56,76,88,64,56,64,64,44,188,160,16,172,32,8,24,52,76,40,20,244,184,160,124,120,184,116,200,236,0,112,48,220,220,208,216,228,232,220,232,64,224,176,120,116,220,80,56,104,228,108,132,200,96,152,188,232,232,212,212,192,176,192,24,132,168,212,216,164,148,64,76,100,124,140,100,108,104,124,188,124,104,248,88,216,120,104,116,96,56,132,128,84,152,152,240,124,244,52,172,64,4,180,248,192,68,216,40,28,32,252,16,52,80,140,204,108,208,196,4,236,212,88,56,60,140,136,
40,64,68,28,4,0,12,0,156,124,216,192,188,168,136,140,132,108,152,124,92,96,144,36,36,244,16,36,52,72,28,220,216,208,228,236,228,224,220,12,176,252,252,72,128,176,212,88,140,184,236,140,252,44,176,224,224,204,200,188,196,248,212,144,228,52,220,216,124,164,196,236,32,244,164,108,12,32,88,60,40,96,140,96,140,164,112,56,112,164,196,120,148,180,120,184,60,188,184,64,108,116,84,116,156,156,84,4,12,44,84,140,144,80,36,32,248,140,132,60,24,248,152,244,44,180,
20,12,0,216,192,192,208,192,120,92,168,84,152,116,100,88,104,132,180,164,132,132,16,252,100,24,44,244,116,248,24,220,216,220,236,232,228,132,208,208,204,208,236,148,104,172,148,124,12,72,208,224,204,16,0,224,200,216,244,196,176,244,200,116,164,140,92,120,152,164,136,112,176,172,144,168,28,60,112,140,168,4,116,240,252,8,64,108,4,28,224,228,208,148,192,224,92,96,200,180,116,52,48,16,104,252,64,124,128,172,12,184,48,160,12,204,156,120,84,88,68,72,212,36,180,92,
0,232,204,168,152,164,180,172,128,104,140,28,36,4,252,0,24,44,104,116,156,228,136,0,232,116,200,36,176,48,48,220,224,212,196,208,32,88,52,108,60,0,68,176,132,132,72,96,0,80,116,24,164,216,104,56,64,12,96,200,28,44,76,176,120,108,108,72,124,136,52,40,108,88,204,92,128,72,16,192,132,188,204,252,240,140,208,84,192,124,224,32,148,252,12,136,184,240,84,60,36,16,48,84,28,28,64,56,36,32,176,24,192,8,180,140,120,52,144,44,88,252,36,32,120,52,
240,212,152,120,128,152,160,156,124,68,84,8,52,12,8,28,48,56,60,108,196,220,44,64,224,80,88,148,124,144,36,220,212,200,216,232,180,184,164,116,68,84,124,88,44,188,240,24,192,80,252,176,128,188,196,224,56,160,16,40,4,216,192,216,164,200,212,204,180,104,48,24,240,32,200,108,76,168,176,100,236,80,104,20,24,56,88,184,212,64,104,40,164,156,188,244,128,96,36,64,52,80,128,56,88,36,124,176,192,248,108,104,60,200,168,128,44,152,64,32,56,136,88,12,32,148,
212,192,132,112,128,140,148,148,120,72,68,244,164,160,160,184,212,228,236,12,4,52,68,88,220,8,184,204,164,148,16,216,204,204,208,252,148,196,4,108,152,148,168,128,0,156,4,196,124,132,16,220,220,228,204,204,212,184,76,68,232,248,252,204,168,144,180,236,108,184,188,224,0,12,168,84,48,116,4,24,84,188,96,4,168,140,140,16,88,32,108,68,228,216,184,120,92,76,212,220,100,160,12,228,132,68,236,92,92,176,208,120,80,0,232,104,156,12,12,244,0,48,152,96,144,104,
224,204,152,136,136,140,128,116,92,56,40,76,84,60,16,244,224,220,188,152,172,184,152,152,232,76,8,20,100,228,232,216,200,208,196,212,16,92,124,240,188,232,152,172,208,124,228,204,132,132,212,100,232,108,12,244,152,228,68,112,164,232,224,20,236,108,184,200,252,100,128,228,236,96,236,88,60,28,72,192,124,16,140,208,16,140,140,236,68,28,72,56,8,20,72,232,240,176,240,192,144,168,112,116,176,184,168,232,164,220,152,200,64,224,128,16,92,200,132,252,164,124,148,96,136,80,
252,220,168,148,144,132,108,100,88,52,28,24,200,156,116,96,104,104,96,104,120,112,132,184,80,48,196,64,224,20,232,204,208,212,208,192,20,144,148,220,48,20,92,4,28,104,192,212,216,220,8,180,60,12,228,152,44,24,20,240,232,120,224,88,80,36,28,164,232,148,172,188,220,176,20,172,44,72,56,0,100,236,208,176,36,168,124,232,80,84,112,76,228,224,252,116,72,176,144,208,224,64,76,176,216,76,72,20,32,156,252,140,232,60,8,152,132,128,160,136,52,160,92,252,104,92,
0,224,172,156,144,132,128,140,124,80,40,236,188,184,160,160,204,212,224,236,232,16,40,72,140,0,216,4,60,252,228,200,216,228,212,180,48,0,172,116,176,136,188,76,100,108,112,40,144,68,24,48,60,108,24,164,148,48,156,164,24,72,200,108,188,12,60,224,56,112,0,212,60,208,148,200,16,60,116,24,244,240,112,56,64,40,164,240,112,164,236,184,24,176,160,4,172,208,156,252,20,64,24,84,212,196,140,216,80,120,48,92,100,24,32,152,68,196,88,240,124,192,100,148,104,76,
252,220,188,172,168,176,160,144,112,96,32,236,232,232,204,216,0,244,244,224,212,168,132,88,72,60,112,176,120,28,240,216,224,228,216,208,232,236,196,28,216,220,12,76,160,220,28,144,124,68,232,52,88,64,148,52,32,136,232,96,192,32,92,160,76,12,156,204,168,208,48,168,136,120,244,236,196,16,88,56,192,84,96,48,152,152,212,212,52,248,12,160,144,220,176,240,128,132,52,88,108,252,8,84,36,216,136,224,52,72,36,56,108,120,68,188,204,16,100,0,132,104,172,156,44,60,
8,236,204,180,176,180,160,120,84,80,8,208,156,116,88,88,88,88,88,60,240,212,204,184,184,0,152,224,156,44,4,220,228,236,220,204,216,244,204,24,48,8,148,216,12,172,0,56,28,40,232,252,228,168,60,28,208,84,8,76,176,68,208,16,80,204,64,44,152,180,180,112,20,108,28,244,132,108,64,244,64,244,112,0,240,224,192,244,48,164,132,168,116,236,224,0,244,140,128,16,76,196,100,224,144,32,112,184,240,8,28,52,72,148,104,248,236,0,8,16,108,240,68,172,196,60,
232,200,188,176,148,132,116,84,60,24,224,152,40,200,184,180,176,200,208,188,176,180,180,184,216,44,168,224,144,52,8,220,212,208,212,204,208,192,184,8,188,164,132,52,176,244,40,16,236,208,68,220,236,4,240,204,36,124,108,108,204,248,28,64,252,112,192,200,88,152,244,72,104,92,72,48,200,4,80,176,144,244,88,80,128,156,144,132,160,100,64,220,60,192,132,36,144,88,220,140,160,96,52,148,248,244,96,36,88,140,12,32,164,212,160,24,240,16,96,220,132,116,108,20,172,36,
200,204,196,148,84,76,76,56,24,232,188,116,36,204,196,188,188,192,196,188,196,200,208,228,8,60,136,152,84,20,252,232,212,204,196,180,196,200,200,180,176,216,40,160,44,164,48,180,12,116,52,0,128,204,0,36,252,12,32,236,212,232,248,196,32,172,24,212,220,180,204,240,8,36,80,132,44,76,168,236,164,164,220,68,136,124,72,32,80,212,228,216,144,0,68,192,92,92,112,200,0,244,16,52,64,176,196,188,104,116,48,168,232,172,160,104,0,228,156,104,76,236,192,212,216,68,
160,176,152,100,60,52,52,44,252,188,128,68,44,212,204,204,196,196,216,204,204,204,224,244,12,32,84,108,68,36,252,216,200,188,176,196,208,204,192,184,188,188,192,200,208,216,220,240,20,104,16,148,16,164,44,176,20,176,32,96,164,12,108,148,176,232,28,32,32,36,92,100,104,112,148,152,88,40,212,120,84,28,16,244,204,184,104,72,36,88,16,192,112,16,172,104,80,96,116,156,172,192,228,224,8,72,136,60,60,0,72,16,80,40,92,128,68,4,240,172,0,92,16,72,236,52,
108,124,96,72,36,24,8,240,192,148,96,72,28,220,216,200,184,200,216,200,200,200,220,240,240,24,40,72,76,68,8,228,220,192,192,208,212,204,188,176,188,212,224,220,216,192,172,156,144,136,140,128,152,220,0,40,76,144,208,0,96,200,28,120,204,48,148,216,40,120,228,56,172,252,84,156,220,20,52,104,96,80,88,84,92,132,144,136,64,60,168,176,112,188,200,168,180,232,248,4,244,8,12,236,16,252,244,252,12,12,244,16,228,196,68,76,244,4,16,96,220,196,176,60,236,164,
92,76,56,40,16,248,232,208,148,128,100,72,20,248,220,196,184,208,228,220,212,220,232,216,232,12,16,72,104,92,36,0,228,204,208,212,216,188,168,184,200,204,208,212,192,160,148,148,140,128,108,112,128,156,144,136,140,172,192,220,24,72,112,152,168,188,236,24,72,84,112,160,200,236,28,56,80,120,144,184,192,216,240,16,68,104,128,140,156,172,172,196,8,60,88,104,140,192,224,248,244,4,24,252,216,44,184,184,216,68,4,216,212,20,84,92,216,192,44,148,164,48,12,212,40,52,
60,52,44,12,244,232,232,188,128,104,96,72,52,240,208,192,192,216,232,224,232,240,220,196,232,8,44,100,124,104,52,12,236,208,212,216,208,188,196,204,192,176,176,172,172,164,156,128,132,148,144,148,148,156,136,128,120,132,112,124,156,176,200,204,204,236,36,76,104,132,184,216,232,24,68,92,132,164,168,180,188,164,120,112,124,124,92,68,60,40,224,188,204,208,204,216,200,212,196,188,124,136,172,20,132,184,164,80,164,72,228,140,148,232,56,64,128,84,88,56,48,252,132,248,172,28,
12,28,16,240,224,224,224,176,124,112,88,76,48,228,200,204,208,220,220,208,212,212,192,196,216,12,60,100,108,96,52,28,244,200,196,200,196,200,204,204,188,176,164,156,156,168,144,132,152,180,160,152,164,172,128,108,108,140,108,112,112,128,140,128,124,128,144,156,180,224,16,36,40,56,72,92,136,168,172,204,208,208,188,192,192,176,144,128,144,116,60,44,44,32,16,24,248,228,208,212,40,12,224,68,4,56,68,224,0,16,204,128,112,208,248,244,48,236,172,168,156,80,248,224,36,164,
232,0,228,220,212,212,200,148,104,88,64,52,36,228,216,228,224,224,212,200,212,220,212,192,212,20,64,96,92,84,52,24,240,196,180,192,192,204,192,196,184,180,168,160,176,176,152,144,164,180,156,156,184,176,132,124,136,140,136,144,144,152,164,164,160,160,160,160,156,184,164,188,168,152,156,176,192,200,216,236,220,220,232,12,248,228,212,224,212,184,168,168,156,160,168,156,124,228,124,208,8,52,88,24,96,112,64,188,204,204,152,104,116,160,140,204,64,4,172,100,12,220,16,120,224,56,
224,220,220,216,212,200,164,112,80,88,64,48,16,220,232,224,212,224,220,212,212,216,212,196,244,36,84,96,92,88,48,20,244,192,176,184,192,196,200,188,176,192,196,196,184,180,168,152,168,168,160,164,168,172,148,140,132,160,188,196,180,172,188,188,188,184,180,176,200,212,196,196,176,164,184,176,216,196,200,252,52,160,252,212,216,220,228,216,188,188,184,172,164,180,228,44,76,220,204,224,116,124,240,200,16,108,152,152,168,168,144,148,180,140,92,188,88,136,60,212,80,44,172,240,44,84,
176,208,208,216,216,184,132,88,68,72,44,4,236,228,248,240,0,20,24,24,36,36,16,0,32,48,84,108,108,100,56,12,236,204,180,192,196,196,196,180,196,208,200,188,200,200,176,176,200,180,172,172,168,180,152,164,168,180,200,204,176,184,208,204,204,204,200,204,232,12,240,208,168,176,96,48,16,244,48,64,28,224,160,8,108,224,72,4,220,192,204,208,56,188,176,112,172,248,24,240,68,116,24,116,84,76,172,44,128,164,156,168,180,92,104,192,40,120,136,48,172,144,236,8,48,64,
176,212,196,220,224,196,144,96,76,104,100,92,108,148,168,216,8,60,96,112,136,108,56,24,248,252,28,56,64,48,232,172,148,96,44,36,8,4,8,248,4,244,236,232,244,200,180,204,212,180,196,180,176,168,176,200,188,176,184,184,172,192,212,208,204,196,196,200,240,248,204,188,204,176,28,228,108,128,216,192,224,232,84,100,48,248,240,108,244,72,12,64,80,192,128,184,152,28,212,68,224,60,76,116,252,24,48,0,104,120,100,128,148,96,144,196,248,44,84,36,212,204,20,36,64,60,
212,192,216,228,224,220,204,224,244,64,88,112,176,212,212,248,72,188,112,184,48,12,224,216,176,204,176,204,184,136,48,244,180,84,36,236,204,244,248,220,212,208,228,212,208,144,124,124,108,112,128,140,148,88,64,48,32,16,20,20,20,40,36,16,4,252,252,8,20,8,64,196,252,48,96,72,44,44,92,176,148,160,192,8,36,20,168,60,96,68,224,196,220,212,120,4,116,36,208,20,24,80,228,216,228,208,76,84,76,52,68,64,96,108,168,220,216,212,248,0,236,16,76,56,60,52,
180,224,232,24,76,144,192,228,232,236,208,184,240,24,8,16,72,56,36,208,112,52,52,72,32,8,224,216,220,168,156,128,172,132,96,252,20,36,28,0,252,12,24,8,0,216,232,236,220,236,12,64,24,168,120,108,92,88,104,108,104,88,52,32,24,16,16,12,20,68,252,52,120,160,196,228,244,8,64,124,72,76,104,144,176,172,180,220,216,8,24,196,168,220,20,100,220,60,28,48,252,88,16,232,212,216,104,188,132,64,60,48,44,100,184,208,180,180,212,228,244,44,64,68,44,28,
248,72,168,236,56,96,80,64,16,0,8,40,160,8,252,224,12,84,92,132,208,248,184,196,152,136,140,156,144,104,76,132,188,144,8,200,204,176,144,120,112,76,44,44,0,248,36,16,0,0,32,52,100,124,96,100,72,76,120,120,116,116,128,136,148,172,192,196,212,116,104,252,128,152,212,236,0,44,136,172,172,188,188,176,180,192,228,200,188,228,244,252,24,16,40,48,16,144,12,236,140,116,176,216,164,128,92,16,104,240,76,72,32,76,176,180,172,164,156,168,212,8,28,64,32,28,
232,168,180,228,180,80,4,248,4,4,40,80,168,0,220,188,248,64,148,252,148,232,72,32,224,196,136,72,44,4,212,172,144,116,36,252,212,200,236,16,244,196,184,136,40,20,36,16,16,40,92,248,124,188,152,148,116,116,116,140,160,168,176,184,204,244,228,4,60,220,16,4,68,100,132,152,160,244,80,108,108,76,28,236,240,220,204,172,184,184,184,152,140,112,120,100,84,36,12,64,44,144,120,124,8,140,92,56,244,8,104,116,84,124,164,172,228,220,208,216,44,96,84,124,144,136,
72,176,200,180,8,4,208,224,176,152,208,0,80,120,108,164,32,136,248,84,216,60,236,172,164,112,88,112,164,152,124,96,68,28,192,184,148,112,100,36,204,128,96,44,236,192,140,64,24,32,132,36,176,176,116,96,104,88,112,144,120,92,76,92,144,148,204,196,220,88,244,200,36,96,204,20,88,216,80,164,224,220,196,172,176,148,140,108,112,120,160,160,128,92,68,44,16,188,128,44,0,208,172,108,244,124,128,160,196,216,4,12,232,220,220,240,32,8,20,248,64,92,92,112,116,96,
184,112,140,160,108,24,32,12,0,32,32,76,124,156,180,192,152,140,12,232,252,20,60,112,244,24,96,192,8,56,100,152,228,224,152,148,144,124,160,152,80,32,240,216,212,148,60,220,184,156,112,136,108,48,224,192,120,112,100,88,60,48,12,228,224,224,188,188,204,200,104,216,20,80,140,172,228,36,108,196,236,228,236,200,200,244,28,44,88,136,212,224,228,228,24,48,16,208,132,156,224,232,196,160,48,228,208,200,232,244,40,32,20,248,252,16,36,48,60,64,84,112,76,32,244,216,
84,120,124,204,4,164,36,112,28,212,124,52,20,44,72,88,160,72,12,100,156,84,52,44,80,92,36,252,16,80,140,184,28,80,200,176,208,8,116,160,140,152,184,52,176,172,164,228,124,140,160,248,32,28,128,132,68,44,20,20,24,12,152,96,48,236,212,168,124,144,184,204,248,28,36,56,84,84,96,108,88,60,28,224,236,224,248,232,240,8,8,16,148,136,144,112,64,20,20,52,76,60,52,36,8,28,16,244,232,4,44,40,16,232,228,0,52,104,152,176,204,204,188,200,212,232,
108,164,4,248,204,240,20,32,216,240,244,224,244,20,48,84,124,40,104,68,172,96,252,208,228,208,240,228,252,12,16,32,132,248,208,164,192,248,0,224,180,192,184,8,44,192,128,224,12,184,180,248,248,180,128,176,164,248,76,156,240,36,108,240,24,56,72,24,88,128,92,32,36,84,148,128,76,36,36,8,20,16,216,168,100,68,88,28,28,48,48,244,144,120,108,88,172,168,180,68,124,48,168,124,240,20,108,76,48,144,48,32,168,76,84,184,240,52,216,24,48,136,56,52,236,108,
232,8,4,20,124,212,92,212,216,248,240,220,204,228,28,40,44,84,116,176,244,244,116,52,32,100,168,196,180,144,100,64,152,84,64,0,56,144,184,196,212,184,156,224,4,212,232,52,52,228,236,32,128,16,8,12,244,68,136,200,0,44,180,252,244,148,92,96,140,140,88,248,56,224,156,192,92,52,100,96,156,200,144,88,88,168,160,164,208,60,72,88,32,0,100,200,28,12,164,136,4,68,12,200,172,176,168,148,156,128,40,20,240,64,216,212,92,212,52,44,144,88,212,68,36,140,
252,156,140,196,216,16,132,156,184,216,212,204,180,176,204,188,196,216,8,44,148,192,44,184,4,88,140,144,52,8,204,160,204,112,92,84,168,8,36,68,92,56,8,48,88,88,100,160,184,148,124,160,204,228,212,8,20,80,188,252,92,204,68,100,28,196,248,44,36,252,64,248,44,156,52,100,108,92,80,140,132,76,204,152,188,116,8,224,132,172,208,88,72,76,232,232,220,176,116,44,52,124,120,112,248,172,12,160,232,128,116,96,128,60,188,156,216,108,116,248,48,160,40,92,180,116,
104,120,160,120,160,156,4,116,136,160,164,156,96,84,80,88,120,160,208,8,84,112,4,196,20,56,88,60,220,140,52,248,76,36,28,68,80,112,132,168,176,140,128,136,184,196,188,208,232,216,228,240,0,28,28,68,32,96,216,220,52,124,220,24,40,48,96,128,112,172,132,52,96,80,164,56,128,148,40,120,168,120,236,4,80,96,244,20,84,144,0,72,164,116,40,12,160,24,20,192,136,12,0,200,100,68,92,64,32,104,28,172,112,120,40,4,196,180,144,0,100,188,136,36,124,104,
144,136,48,36,16,208,172,104,92,104,116,104,56,44,56,84,140,208,252,20,64,96,28,244,20,12,0,188,92,248,164,148,8,156,188,8,8,16,16,48,60,36,20,36,76,84,24,32,84,96,76,104,168,196,208,216,180,244,40,72,164,200,220,8,72,24,92,124,160,148,104,80,52,32,32,228,92,208,236,4,100,120,76,120,204,228,196,200,204,240,64,112,144,112,224,180,104,64,232,200,40,56,64,172,20,148,228,136,36,12,144,0,192,244,8,216,180,20,236,140,120,120,192,24,172,64,
140,32,236,8,188,132,112,80,60,68,72,44,16,24,64,100,168,12,44,48,88,76,4,224,16,252,188,120,72,228,152,152,212,64,160,252,244,208,216,12,32,24,252,8,44,32,220,212,252,240,188,196,252,80,128,108,108,164,248,52,100,108,124,176,60,120,164,156,136,136,144,132,128,116,96,0,20,20,16,8,48,56,40,76,88,72,44,4,236,0,140,96,24,212,24,84,72,248,160,184,236,208,140,216,204,176,136,108,96,52,76,52,44,52,68,32,44,20,28,0,16,48,48,60,144,176
