180,60,56,248,104,56,216,0,164,172,148,124,132,196,212,164,188,216,160,212,168,104,116,112,36,228,248,160,132,252,76,32,16,120,132,236,208,56,136,72,176,140,252,128,48,68,16,92,108,144,116,140,48,16,36,92,144,24,92,152,96,200,88,164,216,72,76,120,140,216,184,180,8,192,228,4,8,216,28,48,228,140,80,96,32,32,168,32,232,60,84,84,244,44,92,72,64,144,128,84,204,220,168,40,4,196,172,220,92,172,224,116,188,28,76,204,80,124,56,0,208,40,248,28,100,136,
180,56,100,108,216,96,36,156,84,216,184,252,16,72,160,20,212,220,88,160,228,224,132,164,252,64,216,120,96,244,116,76,152,196,8,188,212,44,244,124,168,192,248,52,100,156,40,16,128,244,96,188,216,236,36,132,32,240,0,56,112,176,252,200,240,84,112,208,148,64,56,200,220,176,200,28,4,232,252,52,28,92,76,220,12,168,124,220,84,220,84,36,24,128,200,100,136,144,96,108,236,240,168,16,96,236,228,48,148,60,100,120,220,44,8,8,112,76,96,212,212,160,240,120,252,8,
216,88,232,152,112,232,20,24,124,24,40,236,36,84,160,8,140,128,44,104,252,52,124,132,148,60,124,96,60,60,4,240,208,196,104,116,52,4,48,144,8,8,180,32,64,184,216,72,248,92,196,20,112,56,208,24,36,228,160,224,44,224,224,128,164,192,24,172,164,216,152,144,120,128,128,160,208,36,168,52,148,44,36,252,244,184,180,32,184,20,204,248,24,136,96,176,216,116,28,132,8,16,144,92,172,20,28,8,156,228,204,200,44,116,144,160,20,116,40,184,136,148,216,48,76,192,
180,24,132,216,96,36,244,196,168,188,184,108,224,224,16,16,116,152,72,236,160,64,148,176,172,136,44,112,48,180,96,56,68,184,96,72,240,232,252,80,48,192,4,92,100,148,24,136,196,8,80,124,36,24,220,60,172,48,180,248,176,144,252,156,112,80,120,80,0,228,88,60,120,24,72,224,16,72,16,232,92,148,104,20,52,100,180,184,248,104,152,108,172,224,144,24,228,64,244,68,232,228,100,96,152,4,64,36,200,28,4,0,44,68,32,164,228,200,200,248,100,44,152,208,32,76,
172,88,96,124,128,156,220,12,240,20,192,8,156,96,180,120,20,232,112,248,160,112,180,140,216,128,168,224,208,112,236,204,92,180,152,100,32,64,204,172,68,76,160,216,168,184,136,88,20,236,232,40,0,40,200,92,144,108,60,96,136,236,80,172,228,196,232,232,196,184,220,184,148,16,176,88,232,24,252,232,220,160,12,168,52,8,96,44,184,60,148,64,72,40,220,28,200,84,240,44,176,224,48,80,88,200,48,0,240,24,44,100,8,100,168,196,144,252,96,216,8,192,144,92,72,100,
72,212,16,108,92,232,208,120,112,168,36,164,240,20,64,220,164,16,168,128,140,104,200,180,96,8,208,132,176,44,148,156,212,28,220,88,188,24,216,168,56,88,64,204,136,144,132,100,176,196,232,48,208,188,156,112,88,232,228,40,228,84,156,64,148,240,160,44,212,40,8,176,248,148,32,100,148,88,36,144,72,136,196,108,100,240,96,156,220,112,20,196,224,120,8,204,160,44,252,40,88,156,4,68,28,220,12,240,36,88,124,128,16,184,160,192,64,40,76,248,60,4,208,144,136,252,
196,176,76,20,144,148,116,4,84,144,140,180,56,188,160,116,220,212,68,88,200,144,216,220,208,100,4,136,196,172,252,180,24,108,224,20,184,76,252,168,28,240,60,176,16,64,80,60,136,96,232,40,232,96,104,20,192,172,144,192,152,248,180,44,8,60,112,232,208,168,160,224,56,180,232,232,172,180,180,200,116,48,148,236,168,124,240,228,44,112,200,120,36,20,76,40,12,164,224,208,216,28,176,212,216,204,156,120,252,80,64,32,112,8,32,44,4,88,176,136,180,176,152,236,52,44,
116,88,108,32,44,116,224,96,136,220,224,140,144,164,136,16,220,180,28,136,180,100,164,196,156,244,228,140,172,44,176,8,80,156,220,60,48,212,92,68,168,160,20,44,148,232,4,12,68,248,252,52,224,92,56,244,236,156,216,24,180,24,168,68,60,104,116,12,216,176,208,0,60,152,180,144,232,192,208,104,116,16,120,196,56,44,216,236,100,36,112,4,84,176,48,52,244,204,224,244,196,208,216,244,228,172,88,56,220,32,8,232,68,172,88,28,124,236,12,248,204,208,132,56,184,160,
8,124,16,252,96,168,92,216,36,192,32,96,172,208,48,28,24,156,40,132,160,84,152,224,112,20,168,68,216,140,220,168,0,252,8,136,88,168,52,32,144,4,32,56,216,192,180,72,76,184,76,128,112,108,32,24,124,200,236,236,168,40,224,168,24,252,244,120,72,44,8,12,220,132,60,84,248,244,132,136,120,220,84,80,228,152,160,224,216,104,224,96,36,160,12,12,232,152,156,204,252,96,136,104,96,88,40,24,128,204,224,188,12,192,112,140,96,208,84,228,208,184,108,24,0,244,
120,76,0,36,228,244,32,176,216,184,40,80,196,252,124,68,108,32,68,172,156,36,196,116,248,112,180,160,220,64,100,188,88,8,68,156,48,108,244,180,156,220,232,76,220,140,152,8,100,244,224,248,104,160,76,56,176,252,244,244,152,40,204,228,120,16,176,44,76,252,24,188,140,156,92,148,36,80,124,128,112,24,128,252,4,204,172,212,172,176,168,196,204,244,28,52,36,200,184,116,192,92,56,244,248,12,220,20,116,236,232,156,224,60,184,96,152,108,8,104,148,4,140,244,80,84,
224,112,36,24,136,220,188,152,132,236,108,192,48,168,132,60,208,48,192,252,112,32,184,140,216,40,208,220,32,80,244,36,212,4,4,164,248,160,100,8,196,224,48,16,96,252,108,40,12,64,128,116,184,216,72,240,132,68,144,160,24,124,32,20,80,0,204,28,96,12,232,36,48,112,156,124,136,248,180,64,152,184,228,148,24,16,100,200,100,72,60,152,212,196,184,228,176,200,204,168,100,200,156,100,120,76,52,168,184,224,252,168,28,176,196,36,160,248,156,84,40,220,108,44,108,64,
60,212,104,136,8,132,148,164,200,244,136,220,72,220,72,172,152,48,124,76,96,168,80,60,120,80,176,224,80,108,36,140,140,140,24,236,180,160,52,144,8,188,8,128,116,8,252,152,4,168,12,132,136,0,44,248,240,240,56,72,188,28,232,100,192,120,208,76,20,20,140,16,44,20,92,248,96,32,76,148,192,164,76,32,88,128,172,40,188,124,72,140,160,152,92,136,120,4,236,192,52,128,172,92,48,220,236,116,124,200,16,180,40,184,108,252,72,160,120,92,4,52,120,0,36,100,
232,12,64,196,32,56,36,20,176,184,52,136,216,164,48,72,52,80,176,236,132,52,32,200,112,44,164,224,68,152,104,4,168,192,212,220,224,188,212,80,232,188,252,108,116,68,64,40,152,168,20,56,60,144,180,204,64,136,180,8,124,172,100,228,72,20,64,204,164,4,188,192,200,84,132,44,208,72,212,84,56,36,176,128,220,164,168,24,188,160,176,104,64,84,80,156,156,8,204,128,244,148,196,80,36,0,4,144,136,188,208,124,20,104,20,112,232,4,216,252,240,240,128,68,168,128,
16,76,48,156,172,164,152,92,184,220,64,236,244,4,176,168,72,120,92,224,136,164,16,224,100,160,212,44,212,172,12,132,44,220,236,156,76,208,204,160,88,220,244,144,168,208,112,224,200,132,164,0,8,84,164,128,40,144,64,244,124,172,128,80,92,252,28,172,20,32,48,68,32,188,116,200,140,52,144,20,108,52,160,116,240,156,152,180,112,40,56,132,96,180,128,168,140,208,140,156,88,220,232,112,80,244,64,84,64,88,92,136,44,196,76,104,160,176,192,216,248,112,40,156,192,192,
244,52,124,236,116,248,24,232,212,216,208,160,204,44,220,252,144,108,208,112,208,92,224,184,64,128,60,24,232,100,228,112,104,168,228,216,156,56,8,224,172,188,156,108,176,224,104,168,92,36,232,212,92,112,220,192,68,124,96,4,116,184,124,108,80,20,156,148,188,108,144,60,252,24,124,96,176,244,84,244,140,60,144,84,84,196,184,204,0,136,56,144,100,132,40,48,136,144,44,60,240,104,124,40,28,48,128,80,84,124,136,84,40,32,156,24,228,96,192,168,104,236,108,144,12,60,
4,120,204,16,192,148,200,124,240,44,0,188,140,116,224,220,16,156,20,128,8,0,144,116,24,4,160,236,188,56,184,212,220,228,176,32,160,188,180,152,68,64,136,100,148,180,220,148,60,8,32,128,48,176,124,100,20,184,192,180,52,40,220,204,168,152,124,24,224,140,40,204,168,228,172,200,92,72,48,4,244,0,104,136,4,236,192,144,228,176,84,32,248,108,228,52,180,12,168,172,212,80,80,96,252,132,168,0,96,32,200,100,116,20,16,76,104,56,28,208,144,192,96,252,52,112,
164,132,16,68,204,164,0,32,32,132,240,120,32,36,24,48,24,240,216,212,188,20,132,84,16,84,36,64,232,56,160,232,112,252,52,144,0,36,48,80,4,60,148,20,28,168,28,60,16,152,56,248,32,140,60,100,4,16,48,32,92,24,168,148,212,152,92,12,4,52,136,168,216,76,64,124,180,84,220,184,52,152,252,248,44,68,204,48,196,144,80,120,176,88,0,24,12,80,180,60,120,32,84,188,68,108,160,76,100,20,200,220,180,188,52,176,132,148,124,132,132,224,88,88,160,140,
212,148,52,84,228,192,204,244,0,200,80,112,108,104,252,164,60,116,108,76,152,32,92,84,212,44,232,24,192,40,144,204,28,208,216,144,72,248,60,168,68,124,192,88,196,12,28,180,92,100,8,176,100,220,136,120,100,152,88,20,120,36,160,132,164,192,144,68,108,152,228,216,200,72,56,68,176,204,216,184,64,136,232,232,244,80,60,36,88,172,136,176,84,140,124,220,88,176,80,180,188,44,216,100,168,76,152,48,92,52,76,12,128,204,124,140,176,84,168,220,240,84,96,36,116,252,
36,16,220,244,104,152,164,28,80,16,72,152,128,132,212,160,156,180,104,132,28,180,68,224,212,216,208,188,192,140,168,48,92,200,172,36,0,184,76,152,64,156,176,40,228,4,84,220,12,44,160,188,12,52,208,212,176,196,112,28,112,36,172,156,72,108,240,100,100,120,176,196,136,220,228,24,112,136,0,152,144,44,0,124,68,20,172,148,32,128,216,100,20,172,104,8,56,204,164,84,220,128,116,140,184,204,48,128,156,80,224,64,196,220,164,64,56,40,224,240,184,56,84,204,176,244,
252,12,180,104,28,140,240,64,128,244,44,132,132,176,236,216,128,44,172,184,228,180,164,112,60,144,192,112,164,100,164,168,180,156,196,60,64,84,248,32,48,144,76,240,236,228,232,212,212,16,148,196,96,128,8,32,252,192,92,232,76,20,184,228,120,152,4,76,72,136,36,16,60,20,64,80,64,208,224,24,24,244,108,44,108,80,108,140,152,28,208,228,184,152,172,92,252,156,48,132,76,228,196,68,136,152,44,80,88,12,128,40,176,64,88,84,8,236,196,88,88,44,16,108,176,232,
120,168,72,60,104,236,40,112,128,232,76,204,216,12,80,164,232,36,120,220,20,252,44,60,100,120,244,232,252,48,104,68,204,84,176,52,52,200,24,252,0,92,16,192,200,132,148,48,104,220,104,200,88,92,240,8,240,224,160,52,112,76,196,152,28,88,12,32,128,20,52,252,116,64,76,116,148,152,104,148,192,144,16,168,72,160,104,56,88,224,148,100,96,176,160,120,16,80,4,72,124,224,244,36,96,172,180,176,212,188,108,136,156,76,56,72,232,196,152,84,172,24,28,220,224,236,
8,132,44,20,252,124,220,12,52,224,0,112,172,32,60,144,232,220,20,180,244,40,192,132,0,80,84,104,216,28,160,16,168,200,52,168,28,204,184,36,96,148,92,4,196,184,212,0,116,140,156,28,244,228,164,0,252,252,200,24,36,16,100,100,232,192,120,28,176,240,244,176,56,188,248,132,100,140,168,168,144,56,16,76,200,152,216,212,12,252,200,228,112,100,88,212,196,116,120,156,32,172,36,32,176,96,104,8,200,112,12,228,48,244,60,40,224,156,12,152,188,212,184,132,188,204,
60,236,120,40,168,56,148,184,44,168,132,4,48,160,172,64,228,168,72,0,24,12,172,192,184,172,236,24,164,152,240,52,96,216,224,68,240,100,24,240,52,84,28,96,96,108,16,168,152,196,216,208,188,128,96,212,212,200,100,248,20,244,20,80,40,212,156,96,88,248,224,120,48,128,192,52,252,88,72,128,72,76,220,36,232,180,28,20,240,88,96,4,116,12,228,168,28,160,216,136,36,76,112,72,172,184,180,208,212,184,100,200,28,232,192,228,196,72,172,140,216,244,156,136,72,36,
120,36,176,36,176,136,192,252,8,140,112,204,188,52,204,208,44,228,52,192,188,40,32,228,120,212,196,248,168,84,160,8,212,252,60,224,180,40,100,32,36,176,56,156,92,64,208,132,176,188,112,36,92,252,196,240,196,96,92,12,20,160,212,96,60,84,20,32,8,204,116,92,100,216,148,32,80,172,68,88,60,184,116,240,232,120,128,88,180,60,148,36,116,200,172,140,32,64,96,64,160,168,244,84,120,248,120,232,140,168,32,236,224,68,36,184,164,124,128,156,160,32,92,212,244,100,
196,20,104,228,236,148,168,156,96,64,52,208,252,8,112,44,132,152,32,188,228,60,56,164,164,152,168,216,148,96,244,60,88,32,212,172,124,216,28,112,16,168,84,212,184,180,76,244,164,160,160,180,140,240,248,216,60,8,40,196,196,44,120,240,240,52,28,4,8,100,152,148,84,140,124,24,140,56,176,248,156,44,104,96,48,208,100,184,240,220,224,92,32,8,80,116,140,40,232,224,216,112,52,176,148,120,196,132,52,136,72,84,240,52,232,12,156,200,84,72,64,104,92,240,60,92,
120,144,24,180,172,72,144,104,140,192,164,0,24,68,44,100,124,124,244,8,120,148,48,100,152,192,248,236,208,112,188,156,232,156,220,188,48,208,244,144,236,8,80,28,16,36,116,48,44,124,108,48,72,204,224,156,8,0,48,116,228,164,168,220,16,92,84,20,160,156,244,196,184,56,0,76,244,160,60,52,60,244,44,208,136,8,120,148,252,164,24,204,136,132,104,176,64,112,136,180,124,252,40,8,32,72,4,48,236,32,220,68,168,44,152,8,244,232,68,56,200,48,200,12,68,240,
68,140,228,124,160,180,244,176,12,188,72,164,4,20,60,148,40,244,192,12,212,56,4,128,88,56,96,132,184,12,92,52,204,252,28,136,216,176,228,108,112,24,160,52,236,176,48,44,100,112,92,216,148,88,112,96,44,124,116,244,200,204,216,80,108,96,248,108,160,8,244,236,220,220,224,96,248,212,40,228,172,48,232,220,40,228,28,212,32,112,224,196,160,228,144,28,148,108,236,136,120,108,68,92,136,12,44,4,156,60,244,116,36,140,220,64,240,52,0,80,152,244,112,204,52,36,
8,64,156,88,172,204,216,156,136,4,184,128,232,248,136,132,32,20,64,88,44,144,212,60,240,156,216,192,168,28,80,36,172,52,92,84,228,224,188,204,224,56,52,220,188,148,248,104,224,212,204,52,32,204,248,12,248,108,248,144,88,20,172,204,188,240,32,140,72,188,220,204,24,52,200,224,108,4,236,124,92,48,136,132,104,112,240,212,64,104,228,48,232,120,40,108,236,172,136,248,136,60,100,216,144,112,88,56,120,60,228,56,100,64,64,64,52,200,236,244,112,12,132,132,248,248,
8,104,244,208,240,204,136,20,76,168,220,204,236,132,248,88,208,124,212,252,228,20,96,20,244,40,136,44,104,44,148,76,148,16,96,224,112,140,84,124,40,124,104,32,0,132,52,32,192,156,64,172,88,36,4,180,108,152,68,60,220,180,32,176,252,116,48,0,196,160,192,180,20,96,128,148,240,84,196,212,80,4,144,0,108,132,112,16,124,96,212,244,196,80,36,96,220,188,108,92,180,180,80,60,120,124,212,224,156,232,4,240,124,92,160,72,224,32,100,108,68,112,56,156,24,152,
44,172,36,220,208,100,72,100,120,160,104,252,92,180,0,80,48,140,180,12,48,16,16,96,80,144,236,172,104,88,208,172,152,176,224,240,144,204,132,20,44,196,160,24,8,20,100,52,124,112,44,200,236,40,200,200,116,208,116,24,208,248,56,180,232,28,120,212,104,148,196,160,28,4,244,248,16,176,216,172,216,36,224,236,68,228,0,80,100,216,92,8,48,52,64,60,96,132,92,92,88,68,4,184,164,220,28,24,208,200,216,8,40,152,36,20,12,52,96,56,100,136,112,44,44,40,
148,248,216,168,208,140,140,156,176,244,116,20,124,164,64,180,84,156,188,32,4,40,44,248,188,208,236,132,76,184,220,84,208,240,40,84,188,112,252,196,224,188,76,36,200,64,184,128,216,156,228,156,24,4,124,108,48,172,32,184,52,160,56,88,132,136,64,188,248,20,172,192,172,92,240,16,84,168,108,100,40,120,96,204,88,232,100,96,48,28,80,44,100,184,212,232,140,68,216,28,244,92,80,72,168,236,64,72,248,224,244,64,24,164,136,68,44,248,40,96,252,112,20,124,116,12,
136,236,128,112,152,68,80,68,80,172,120,48,144,16,88,172,52,236,156,12,112,108,120,160,220,120,92,108,112,236,40,180,24,212,108,168,76,140,84,60,228,40,52,24,172,144,208,176,12,220,164,148,124,208,236,164,240,124,40,184,16,152,16,68,164,80,176,224,204,152,60,32,8,196,164,156,128,164,160,116,136,120,20,32,72,240,156,156,8,32,200,140,140,120,172,44,88,64,172,100,40,40,28,116,108,168,236,24,252,252,72,224,44,216,192,96,240,164,100,64,24,244,48,60,56,48,
40,176,40,16,84,108,116,132,180,232,140,76,0,20,76,132,116,32,192,100,180,164,16,112,108,36,232,228,112,4,104,252,0,44,20,36,184,240,128,64,8,48,48,208,152,144,188,16,36,176,52,124,0,8,104,52,252,24,108,16,148,28,176,20,148,184,64,120,152,80,124,100,244,148,84,60,76,24,220,124,124,200,200,220,228,144,120,176,148,108,12,220,248,28,144,176,56,100,96,60,100,60,68,76,140,204,108,160,124,204,196,176,104,8,76,176,12,40,200,124,68,252,248,244,4,24,
12,40,12,40,28,156,148,192,8,228,136,248,28,68,72,116,84,96,160,76,4,144,224,156,148,200,156,180,144,148,220,236,112,172,40,88,220,156,196,240,240,224,48,228,192,184,72,200,244,252,80,180,12,100,152,52,172,76,192,116,4,148,252,20,220,136,252,192,212,144,12,244,44,148,80,156,100,64,80,172,232,216,172,88,36,16,72,248,196,28,4,244,20,44,72,104,140,148,32,232,24,252,248,112,40,104,96,36,232,56,0,132,48,8,84,8,172,20,236,140,44,192,240,240,44,100,
232,100,164,104,188,180,172,20,20,216,4,244,200,0,52,60,116,204,124,8,80,240,104,68,240,180,236,184,32,216,232,12,156,132,92,148,52,188,212,108,40,204,40,36,24,164,240,60,24,200,128,24,16,36,80,8,212,120,20,196,60,148,220,152,96,160,108,236,208,196,108,228,76,116,76,156,80,144,32,248,224,176,20,232,116,116,84,232,52,84,240,160,164,216,236,252,200,148,188,192,240,24,252,104,104,248,192,220,76,60,56,84,48,28,36,40,84,196,180,164,36,196,48,116,124,24,
248,204,184,36,184,16,52,124,80,72,220,224,192,64,112,152,128,88,188,188,200,232,184,128,52,128,132,140,160,132,72,76,208,108,164,224,48,108,12,124,96,236,108,248,140,68,148,168,108,32,76,220,208,224,68,244,244,116,60,196,252,60,104,132,96,68,120,176,112,20,128,88,224,176,244,220,152,28,24,212,100,100,80,160,184,132,12,192,144,12,116,48,92,144,152,168,220,212,164,244,168,192,16,184,216,224,56,20,136,128,128,0,220,208,128,212,32,112,156,140,176,80,236,180,44,80,
216,112,184,36,64,128,132,160,196,92,208,212,204,84,232,52,12,208,108,20,176,136,148,168,48,36,20,20,64,64,16,116,136,68,124,196,216,252,40,212,224,228,124,212,104,180,16,152,128,180,192,172,228,236,140,104,28,80,4,76,252,92,188,188,88,100,76,16,24,208,224,144,192,96,124,148,24,24,224,32,32,204,164,124,48,120,128,96,36,16,4,0,4,8,8,56,112,72,24,84,140,164,128,112,128,104,36,160,36,88,140,84,156,104,40,208,240,232,220,212,68,208,168,60,188,44,
156,36,152,224,148,164,192,180,184,52,168,160,32,244,80,240,164,216,176,148,60,44,132,140,40,24,16,8,8,8,4,20,20,20,68,156,24,224,80,96,108,180,232,32,96,104,152,212,48,108,152,92,136,208,108,44,92,24,188,20,12,160,48,56,176,196,84,192,100,228,152,56,140,216,164,40,20,248,60,196,20,48,84,4,236,100,64,60,8,0,0,0,0,0,0,4,12,12,12,12,12,76,244,240,192,72,176,212,76,244,12,56,132,88,12,224,28,4,248,0,24,196,196,216,144,76,
136,32,176,76,156,88,176,172,188,0,180,216,196,112,152,32,128,184,212,228,44,24,36,28,8,8,8,4,0,0,0,0,4,4,16,88,112,168,244,140,220,100,204,236,232,20,140,128,68,104,156,128,176,228,28,0,104,64,4,76,52,160,56,100,236,132,236,120,224,232,156,144,156,40,220,8,72,192,236,144,76,8,60,148,144,16,8,12,4,0,0,0,0,0,0,0,0,4,8,4,12,140,40,44,80,40,12,0,80,96,180,144,128,204,76,28,128,120,160,64,8,148,172,88,88,164,
192,232,8,80,156,224,216,228,168,4,196,128,96,100,208,44,68,176,68,196,36,12,16,8,0,4,0,0,0,0,0,0,0,0,0,4,12,76,92,96,160,36,164,216,204,32,156,212,48,188,212,144,196,252,128,208,48,64,240,64,244,104,244,156,28,12,172,100,140,92,252,228,64,148,176,48,80,184,192,156,120,200,168,152,88,12,0,0,0,0,0,0,0,0,0,0,0,0,0,12,52,128,160,172,36,120,100,104,84,148,236,252,116,84,148,152,40,20,240,108,96,104,64,100,228,56,
100,24,168,228,108,16,36,100,136,120,168,92,144,208,40,0,0,180,168,64,28,12,16,8,4,4,0,0,0,0,0,0,0,0,0,0,0,8,72,136,156,0,72,196,180,24,184,116,224,20,52,80,180,8,104,160,68,252,204,160,88,224,40,24,224,8,220,204,140,216,124,64,252,204,232,232,244,172,84,28,108,4,116,24,28,8,0,0,0,0,0,0,0,0,0,0,0,0,8,12,12,16,28,152,20,60,56,224,60,188,12,188,136,52,204,148,140,132,180,128,216,92,0,12,148,252,
208,16,216,8,244,76,184,56,212,92,80,24,124,88,144,120,100,40,48,44,24,8,8,4,0,0,0,0,0,20,4,0,0,0,0,0,0,0,8,24,68,108,240,112,164,236,52,176,0,36,84,76,104,32,148,0,116,44,8,192,148,204,104,160,116,248,68,208,200,204,120,208,20,96,240,216,240,164,64,40,172,116,16,20,36,8,0,0,0,0,0,4,20,0,0,0,0,0,0,0,0,4,68,180,216,36,148,8,140,124,172,200,112,244,100,8,140,132,84,212,168,148,12,52,120,228,
204,32,128,216,80,80,32,116,32,56,200,124,252,244,108,52,80,136,52,40,20,4,0,0,0,0,0,0,64,248,32,0,0,0,0,0,0,0,0,0,8,60,244,32,160,152,28,164,128,196,24,216,104,68,196,60,208,36,232,80,8,60,112,208,220,76,172,244,120,16,148,60,248,52,236,220,244,132,200,100,180,24,4,28,24,4,0,0,0,0,4,48,240,48,0,0,0,0,0,0,0,4,8,32,148,224,68,244,144,124,116,164,128,60,156,232,188,60,48,196,156,232,116,128,232,104,
104,0,168,232,40,36,204,160,32,192,92,80,232,252,104,72,216,16,60,16,4,0,0,0,0,0,0,60,248,100,80,0,0,0,0,0,0,0,0,0,12,140,244,232,136,140,28,148,112,212,60,188,4,192,184,152,188,44,232,228,44,52,8,40,60,200,176,248,164,120,244,60,28,180,12,156,236,0,52,100,176,16,16,16,4,0,0,0,0,0,24,36,112,32,20,0,0,0,0,0,0,0,20,136,248,224,88,72,184,216,180,180,248,208,204,248,120,156,240,224,56,248,236,168,196,212,
108,24,224,60,140,0,152,184,212,228,164,108,236,240,20,64,252,32,48,0,0,0,0,0,0,0,16,16,112,148,68,20,0,0,0,0,0,0,0,0,8,72,100,176,4,132,12,104,172,20,52,156,172,136,100,172,32,32,80,44,88,16,144,200,140,112,184,236,40,192,56,152,32,168,192,76,216,236,100,176,104,16,12,12,4,0,0,0,0,0,68,164,80,36,44,4,0,0,0,0,0,20,140,196,200,168,84,112,32,24,180,192,60,124,80,112,52,236,236,192,244,212,56,204,224,64,
20,16,80,92,116,56,60,40,92,32,232,112,228,152,196,72,8,224,40,12,4,0,0,0,0,0,20,80,240,144,0,56,0,0,0,0,0,0,0,0,0,8,36,52,152,112,192,116,4,12,44,212,224,140,204,40,224,216,20,248,172,112,184,220,216,176,136,248,144,68,196,188,144,92,100,28,116,160,184,252,32,4,12,16,4,0,0,0,0,20,72,232,168,24,68,4,0,0,0,0,8,68,80,24,32,144,172,60,188,20,184,84,228,80,4,132,88,124,200,24,72,200,232,48,64,108,
152,64,244,24,76,56,92,24,56,252,212,100,224,144,204,104,224,144,40,20,4,0,0,0,0,0,32,12,116,96,32,56,0,0,0,0,0,0,0,0,0,0,0,12,140,44,132,132,60,136,124,100,88,100,248,72,228,228,204,20,68,24,248,240,172,88,100,228,180,144,144,220,104,180,20,196,204,92,216,248,28,8,8,4,0,0,0,0,0,36,20,136,100,24,60,0,0,0,0,0,0,8,8,8,72,232,248,88,136,236,20,156,152,8,76,244,80,104,40,188,96,248,120,108,192,128,
0,120,4,76,112,68,88,20,68,28,152,216,212,84,204,112,212,108,32,8,0,0,0,0,0,0,16,32,60,132,36,40,0,0,0,0,0,4,12,4,0,0,0,8,68,196,136,112,48,108,168,48,8,84,232,128,20,28,244,12,248,52,12,216,176,164,52,72,116,20,16,80,48,132,252,204,60,236,84,120,20,4,0,0,0,0,0,0,0,20,68,8,112,88,20,0,0,0,0,0,0,0,4,12,96,200,48,252,128,28,164,72,12,52,176,92,28,76,164,32,112,188,72,136,12,132,
44,188,84,116,196,72,92,12,236,112,100,16,188,72,220,124,8,124,32,4,0,0,0,0,0,0,0,48,176,56,56,20,0,0,0,0,4,16,20,8,8,4,0,4,80,56,200,132,40,116,64,0,224,76,12,248,224,104,212,28,204,68,104,68,64,204,100,20,120,232,24,52,8,84,252,232,104,180,216,112,136,24,0,0,0,0,0,0,0,16,0,132,120,80,0,0,0,0,0,0,0,4,8,8,24,88,252,232,80,172,96,188,4,152,228,56,192,148,172,60,72,72,28,180,96,128,
68,160,80,172,36,84,92,216,172,84,184,84,92,160,244,208,76,100,60,8,0,0,0,0,0,0,0,24,252,40,56,4,0,0,0,0,0,4,8,12,12,4,0,12,160,116,252,168,72,232,156,32,32,168,224,132,84,192,164,204,152,184,192,136,40,156,192,240,72,180,8,236,244,120,196,236,108,200,24,20,212,76,4,0,0,0,0,0,0,0,44,8,12,32,0,0,0,0,0,0,4,8,0,8,64,132,60,56,104,20,168,252,12,104,44,8,224,144,196,216,8,36,24,192,84,200,
40,168,164,220,52,100,164,224,216,100,208,124,188,184,4,204,36,96,80,16,0,0,0,0,0,0,0,4,24,24,8,4,0,0,0,0,0,0,0,0,0,0,16,40,180,132,12,216,100,84,160,236,80,152,224,144,112,24,52,40,216,8,12,192,0,188,24,232,92,120,244,76,188,48,228,244,104,196,40,52,204,128,12,0,0,0,0,0,0,0,0,20,24,4,0,0,0,0,0,4,20,56,8,16,76,156,100,244,108,80,40,112,112,84,220,64,16,104,20,236,84,216,248,144,124,20,
40,244,16,208,236,196,36,88,36,180,124,92,176,0,12,244,184,188,52,12,0,0,0,0,0,0,0,0,0,0,0,0,0,0,0,0,0,0,0,0,0,28,128,76,188,176,112,116,156,84,148,120,112,140,216,116,52,32,28,20,164,116,220,76,168,32,48,240,124,140,64,236,80,208,192,48,88,212,136,208,48,140,16,0,0,0,0,0,0,0,0,0,0,0,0,0,0,0,0,8,56,76,84,68,128,0,168,232,252,236,224,12,104,172,12,84,228,76,0,204,228,24,52,196,116,52,
52,16,132,64,216,232,56,164,120,108,204,188,160,116,32,100,52,52,108,20,8,8,0,4,8,0,0,0,0,0,0,0,0,0,0,0,0,0,0,0,12,144,224,136,44,192,128,112,144,164,228,152,104,124,172,88,104,40,72,36,76,0,180,80,44,120,4,240,132,208,88,0,172,116,120,72,236,68,232,132,132,144,64,8,8,4,0,0,0,0,0,0,0,0,0,0,0,0,0,0,32,148,152,44,152,72,184,232,8,252,104,228,148,100,28,124,52,36,4,100,160,20,164,172,156,104,
228,96,60,44,196,12,188,140,84,84,172,0,244,196,148,104,232,140,244,116,80,12,4,16,12,0,0,0,0,0,0,0,0,0,0,0,0,0,0,0,52,116,132,16,120,220,48,228,208,228,48,132,104,60,176,40,240,192,16,132,4,0,176,96,76,108,52,4,108,188,60,100,168,36,0,244,56,48,168,128,232,36,152,40,76,12,0,0,0,0,0,0,0,0,0,0,0,0,0,20,136,160,180,232,68,136,184,228,104,16,104,236,192,236,72,56,16,64,228,52,72,56,192,224,228,96,
144,144,108,12,40,100,128,44,164,184,128,100,120,36,148,236,72,36,156,64,160,16,4,12,4,0,0,0,0,0,0,0,0,0,0,0,0,0,4,28,84,16,4,92,144,172,200,20,252,60,20,40,112,76,168,4,232,8,44,208,128,140,40,8,28,104,244,104,64,132,36,60,196,164,40,156,84,172,184,124,84,212,80,248,176,36,12,16,8,0,0,4,0,0,0,0,0,0,16,88,164,176,96,188,156,156,180,220,52,20,164,232,164,128,96,16,72,64,188,112,172,120,28,40,196,52,
28,100,96,68,176,84,104,108,44,144,120,248,88,8,204,116,20,152,108,184,28,104,24,28,4,4,4,4,0,0,4,0,0,0,0,0,0,8,16,116,144,52,176,164,4,16,220,168,208,212,4,92,116,16,136,140,24,136,212,124,164,32,68,188,0,84,180,84,64,140,136,80,76,132,72,148,240,128,192,232,44,132,96,172,112,8,196,176,100,20,20,8,0,0,0,0,8,28,144,232,48,96,208,208,168,160,176,8,224,32,168,248,40,252,80,248,40,16,32,0,44,124,224,196,84,80,
12,248,164,148,92,48,64,248,164,252,132,44,80,196,148,160,96,8,148,28,16,40,184,108,52,48,20,52,12,4,16,8,0,0,0,0,4,28,144,88,108,152,172,44,148,152,228,184,160,180,224,44,128,92,180,248,60,160,36,0,44,100,64,236,216,44,96,28,244,128,144,248,168,52,204,252,236,204,0,236,24,60,36,116,184,52,248,80,200,192,168,24,12,12,16,36,168,36,164,200,228,232,240,212,180,152,224,212,80,104,248,216,72,8,84,28,208,68,8,160,4,100,244,228,40,32,
28,224,160,168,152,172,192,104,4,88,4,204,36,160,160,208,128,204,164,220,120,224,96,8,208,120,120,108,68,24,28,12,8,8,8,12,44,244,196,60,204,184,68,36,96,192,12,220,252,152,180,88,180,80,192,184,240,132,80,240,168,252,216,172,152,252,0,76,92,116,96,160,152,60,140,108,76,64,96,88,72,8,28,104,68,64,236,68,132,196,0,128,172,140,244,124,20,40,32,52,84,60,40,16,12,252,160,136,100,140,68,192,20,20,104,0,120,80,104,36,200,100,52,24,104,252,
32,16,124,52,144,152,220,240,140,196,60,232,8,216,116,176,116,68,176,12,132,216,176,168,96,20,16,4,168,112,88,64,104,96,100,164,84,252,88,140,16,92,56,212,128,116,100,248,156,208,208,4,92,112,212,148,20,212,148,216,228,240,204,176,184,148,228,208,80,32,180,56,80,100,240,108,160,92,180,204,232,180,220,216,44,92,32,0,184,112,68,120,152,208,148,112,132,116,88,108,132,100,84,128,248,8,108,236,104,140,116,120,188,208,112,224,112,24,48,92,204,72,12,12,108,28,
40,72,120,184,84,40,232,200,168,120,188,208,24,148,36,156,124,100,168,164,28,92,80,16,36,212,232,172,116,92,16,48,80,64,108,180,0,60,212,8,36,128,116,200,240,120,184,40,240,0,200,24,164,188,244,196,144,28,108,0,16,244,52,188,120,184,252,124,152,132,120,56,112,204,160,228,84,124,172,212,64,192,136,140,80,64,132,96,252,248,48,0,28,96,152,56,52,44,20,52,100,68,120,236,16,76,108,132,128,232,228,104,12,104,120,24,92,208,144,120,200,68,0,236,104,104,
168,208,240,228,16,136,24,116,28,204,220,240,140,128,152,232,104,16,212,220,128,28,16,112,132,220,248,4,32,240,204,252,4,72,248,24,44,240,16,32,0,248,76,220,200,208,188,56,224,216,176,200,40,28,228,240,148,244,80,144,184,232,240,40,132,204,0,156,108,60,76,252,224,128,236,148,88,56,160,32,220,20,200,120,188,220,156,220,252,0,32,216,168,80,144,140,172,152,124,136,208,236,240,232,40,84,188,224,92,36,88,20,196,96,92,128,20,196,208,236,180,68,248,216,240,232,
244,4,100,208,180,188,220,88,104,228,108,132,48,16,12,252,64,88,152,224,120,68,24,216,148,80,116,116,140,20,88,128,220,232,160,136,32,20,212,60,96,116,128,164,160,216,208,56,228,224,172,148,72,160,92,228,116,72,8,48,120,32,136,188,28,232,176,36,92,40,240,140,100,92,128,4,4,212,192,148,24,76,168,12,168,208,188,128,124,236,56,184,36,28,88,108,204,116,132,144,148,72,120,236,192,128,56,44,212,48,100,124,52,56,120,96,144,72,208,188,176,88,252,84,84,168,
156,124,188,152,200,224,24,156,132,144,120,208,248,200,252,12,232,36,224,212,136,100,160,60,36,124,132,120,36,20,64,76,92,96,16,116,16,188,188,4,12,48,240,228,44,144,136,144,228,36,20,20,212,248,24,200,116,12,208,240,80,64,52,216,172,72,32,8,156,188,168,36,148,104,116,92,184,212,80,212,88,228,208,236,232,0,240,40,200,24,208,44,60,168,144,224,160,24,32,236,220,112,64,160,24,84,68,204,88,16,140,196,24,88,212,88,212,128,20,8,164,48,8,52,60,112,
40,56,252,220,124,232,204,208,244,216,4,12,136,164,224,8,80,176,196,248,160,52,132,48,112,176,116,156,60,124,8,148,136,116,64,192,104,4,172,76,148,240,116,140,108,212,180,72,12,80,84,76,104,240,44,40,44,136,48,200,224,220,24,8,200,8,68,100,116,92,72,228,172,148,12,232,48,200,8,252,248,40,160,196,104,248,172,196,60,4,60,60,60,152,196,140,220,192,128,248,244,244,224,36,152,52,60,116,168,28,0,88,132,136,208,68,156,152,84,56,20,244,212,48,28,128,
100,52,244,136,32,16,128,48,204,160,208,216,44,132,240,216,180,164,240,0,44,100,160,40,104,108,128,12,76,40,60,236,228,100,72,4,136,236,164,124,4,40,196,12,96,156,64,172,4,4,164,92,248,4,128,152,188,164,144,236,36,60,56,100,4,12,236,28,120,116,68,32,180,212,140,92,232,244,188,48,32,212,8,28,240,64,100,88,192,248,184,56,172,188,208,200,72,212,152,188,252,184,140,192,132,120,84,4,56,156,120,20,220,180,248,52,100,104,64,236,216,20,28,192,76,4,
108,68,252,104,36,0,168,12,64,4,40,76,88,60,120,24,228,4,132,216,108,176,104,208,120,168,100,104,224,172,248,144,96,176,44,208,132,212,168,240,8,52,240,56,104,148,72,184,32,112,8,12,0,116,28,56,32,228,140,36,92,88,92,152,160,120,96,216,100,136,112,156,200,196,140,252,48,232,8,36,236,36,80,200,20,228,176,200,144,108,244,236,12,208,192,208,112,84,236,252,92,128,20,148,152,60,140,188,252,84,160,40,152,124,8,72,208,132,68,200,108,164,12,180,252,212,
104,72,8,204,188,80,188,236,96,84,32,84,200,0,252,152,152,140,160,128,120,140,80,56,88,120,152,84,136,132,216,200,196,136,212,100,148,88,136,56,24,64,220,116,204,132,60,224,164,96,240,4,56,88,12,184,104,76,100,104,156,200,232,224,136,232,224,240,8,200,228,24,48,60,40,184,208,80,20,40,24,164,188,176,176,72,56,192,120,48,224,68,96,96,244,112,188,44,124,120,196,76,28,188,168,168,112,176,0,200,44,104,232,236,116,68,124,168,164,64,172,68,80,156,24,132,
152,152,116,36,0,88,168,248,140,100,52,196,208,208,32,180,192,228,128,152,152,120,148,88,200,160,16,68,84,104,184,144,124,232,84,224,8,104,16,224,28,244,244,244,4,104,124,180,60,8,132,232,116,144,156,172,232,208,128,0,88,212,228,156,140,20,4,248,184,140,140,120,144,184,168,208,220,12,236,216,60,188,112,232,240,180,152,160,160,112,80,12,52,184,152,128,228,28,0,0,224,84,44,128,212,80,76,244,120,20,140,60,236,24,132,248,164,4,236,104,96,144,196,200,196,108,
232,192,48,204,184,48,140,244,156,216,156,240,84,252,144,168,128,48,44,80,36,212,176,60,216,64,224,92,68,68,164,124,148,0,164,216,84,0,192,172,244,128,228,180,188,32,180,156,152,12,76,40,248,52,64,136,200,168,52,152,248,100,40,76,104,156,140,64,8,244,104,148,200,216,48,104,48,84,116,100,96,232,180,148,192,76,244,244,244,52,84,0,24,84,36,40,204,232,200,52,28,184,180,76,4,192,216,64,164,84,64,56,216,36,152,0,240,32,36,20,172,8,200,204,8,200,
228,144,20,220,96,224,144,244,160,248,192,236,252,16,192,128,200,192,4,120,208,252,104,116,176,220,80,236,252,100,196,48,96,120,176,16,112,208,104,76,80,108,152,128,80,32,248,120,16,192,172,92,224,52,60,64,48,236,64,240,64,64,36,60,148,192,184,168,188,168,224,52,168,32,88,108,252,92,188,112,96,236,44,160,76,0,96,248,232,156,12,128,188,28,52,224,0,252,212,56,64,116,228,160,84,28,236,0,20,72,160,192,96,132,248,172,32,0,144,8,204,208,152,204,52,20,
172,160,192,8,8,208,84,180,48,84,104,76,80,100,168,200,16,124,84,0,76,112,200,212,44,120,100,124,32,12,8,188,196,132,148,60,104,124,152,120,124,164,244,196,8,236,196,140,16,220,156,48,104,40,56,16,232,100,172,200,0,196,128,148,104,184,196,152,180,160,188,68,68,216,100,248,180,240,28,8,220,200,92,124,40,32,56,160,120,172,232,120,4,140,140,168,140,80,36,104,112,108,64,44,132,76,8,124,124,160,20,12,128,88,236,204,16,80,28,148,212,12,48,24,96,52,
140,208,232,232,244,104,188,76,180,20,84,96,96,40,108,40,228,64,208,52,120,88,192,8,184,196,172,44,28,184,188,44,88,104,252,92,20,236,20,236,120,172,228,76,20,180,32,140,100,0,16,164,228,236,236,196,164,220,100,248,16,176,128,152,80,212,200,200,244,208,16,76,40,52,64,196,176,48,104,68,196,148,52,140,32,164,236,48,112,56,84,140,76,224,152,16,236,228,168,204,248,48,220,60,192,148,88,164,220,148,64,88,192,168,8,176,4,84,8,92,184,24,64,24,88,184,
140,220,240,164,184,12,220,136,48,52,100,152,240,56,80,236,40,188,104,148,120,136,120,40,28,244,232,124,8,116,232,116,60,120,4,120,188,84,148,12,180,220,164,120,80,132,124,100,44,88,112,140,180,160,180,168,108,140,88,208,192,128,100,80,220,68,32,104,140,116,136,124,88,48,116,156,120,24,92,56,224,212,112,120,128,56,172,60,160,152,92,176,128,88,168,40,212,100,124,4,200,240,64,24,200,156,92,0,236,28,104,88,204,164,232,180,16,44,188,208,28,0,240,232,72,192,
52,228,16,156,104,228,208,100,232,68,132,192,64,152,252,8,100,80,132,220,132,32,32,76,56,140,248,64,56,156,80,4,92,220,196,84,56,48,120,212,36,216,152,108,240,96,52,232,132,16,108,132,184,156,116,136,104,100,84,144,84,36,28,36,92,84,80,148,164,156,172,208,148,88,28,56,116,204,16,60,48,52,244,228,204,40,252,132,56,88,20,36,100,116,84,40,244,180,116,128,124,136,80,68,124,100,84,244,28,76,100,36,180,120,212,16,56,252,116,108,8,216,160,192,12,12,
252,144,232,200,136,52,28,40,212,148,244,244,240,200,152,188,160,196,160,88,180,60,100,12,84,224,92,160,64,228,28,136,104,240,216,224,76,120,72,0,24,172,156,76,24,228,140,172,152,232,88,80,172,48,184,36,4,100,24,20,12,8,8,8,8,4,4,12,16,20,72,80,16,8,8,8,36,100,152,220,160,196,148,212,188,4,216,0,252,168,196,196,136,164,244,96,140,188,44,80,136,116,244,52,80,232,184,36,120,40,76,64,220,76,228,92,68,8,28,88,120,244,220,228,240,240,
152,184,120,128,152,28,164,8,20,240,92,56,48,112,116,200,200,60,4,216,76,244,148,80,140,200,204,176,248,240,220,44,148,60,164,160,96,172,44,176,152,148,76,16,88,92,148,200,84,136,36,32,124,132,100,168,168,84,12,0,0,0,0,0,0,0,0,0,0,0,8,8,0,0,0,0,4,16,92,204,128,104,40,128,164,12,84,208,192,232,12,244,120,52,36,184,164,204,12,176,156,96,88,144,64,236,44,244,152,104,252,52,168,200,108,156,76,244,48,40,220,180,200,160,220,0,
156,96,112,236,156,200,104,100,68,40,248,180,64,104,60,8,200,136,12,64,152,80,132,148,136,180,204,132,208,160,56,204,112,40,228,0,104,88,148,48,8,236,12,216,208,12,140,96,188,72,24,8,12,16,16,16,16,12,4,0,0,0,0,0,0,0,0,0,0,0,0,0,0,0,0,0,0,4,72,132,76,80,172,224,80,44,208,128,100,164,148,124,28,88,188,176,176,140,184,236,12,208,92,8,120,4,76,228,140,168,96,204,60,140,68,88,140,80,160,40,120,120,180,48,224,68,
224,192,160,20,184,148,72,108,52,168,152,12,24,228,180,112,60,88,136,132,156,116,200,224,104,120,212,172,128,88,64,52,48,252,56,112,164,52,68,32,224,196,68,100,76,220,4,108,24,8,4,0,4,0,0,0,0,0,0,0,0,0,0,0,0,0,0,0,0,0,0,0,0,0,0,0,0,0,8,16,16,44,104,168,40,112,208,140,84,8,228,12,200,72,88,96,240,8,192,108,136,192,100,224,196,112,116,252,48,160,160,252,200,76,236,212,172,212,152,228,208,152,116,20,240,176,
100,84,28,236,152,28,76,76,184,144,236,132,216,132,124,56,252,248,68,144,224,0,240,192,88,0,132,248,80,88,196,40,20,32,60,168,84,228,4,4,192,36,92,40,116,0,84,12,4,0,0,4,4,0,0,0,0,0,0,0,0,0,0,0,0,0,0,0,0,0,0,0,0,0,0,0,0,0,0,0,0,8,56,148,216,244,68,132,240,60,152,196,8,152,116,128,80,36,8,156,64,208,252,108,124,176,92,180,164,76,240,228,92,32,132,76,8,32,128,36,180,60,24,36,156,248,
216,40,80,236,124,216,236,204,44,56,40,156,88,188,212,92,228,216,176,228,216,80,36,212,112,236,148,232,124,164,56,188,248,88,84,8,72,172,244,216,184,100,20,40,176,164,24,0,0,0,0,0,0,0,0,0,0,0,0,0,0,0,0,0,0,0,0,0,0,0,0,0,0,0,0,0,0,0,0,0,0,8,80,148,216,228,72,96,220,88,84,52,124,152,200,4,204,36,176,140,228,56,168,44,228,200,84,116,20,112,76,196,224,116,212,204,120,156,172,28,96,104,168,252,144,176,
136,152,164,60,184,240,184,104,44,160,152,12,132,220,4,116,232,212,120,192,16,72,232,188,28,176,236,104,96,224,0,136,152,4,64,44,92,56,204,176,244,96,220,172,28,16,4,0,0,0,0,0,0,0,0,0,0,0,0,0,0,0,0,0,0,0,0,0,0,0,0,0,0,0,0,0,0,0,0,0,0,8,68,92,184,180,72,16,28,68,48,148,52,104,12,136,236,144,248,152,244,84,0,60,216,244,200,28,20,120,120,40,64,136,8,60,212,60,224,164,128,136,100,76,220,52,
44,100,60,184,40,104,60,212,60,56,92,232,228,100,100,92,188,236,124,80,192,176,184,88,68,236,168,252,100,192,180,4,116,80,76,56,32,240,164,172,76,40,88,36,0,0,0,0,0,0,0,0,0,0,0,0,0,0,0,0,0,0,0,0,0,0,0,0,0,0,0,0,0,0,0,0,0,0,0,0,0,0,8,16,108,100,4,52,96,32,16,196,244,4,132,140,104,128,200,152,172,60,48,112,220,192,160,184,36,104,240,64,60,128,148,128,24,232,248,176,108,36,108,8,144,48,
180,204,52,152,212,228,232,20,84,216,64,28,76,76,140,96,28,228,88,248,240,20,164,0,16,212,188,96,40,40,100,44,200,92,148,88,164,212,128,244,80,200,44,32,0,0,0,0,0,0,0,0,0,0,0,0,0,0,0,0,0,0,0,0,0,0,0,0,0,0,0,0,0,0,0,0,0,0,0,0,0,0,0,8,100,88,28,80,112,16,92,4,252,4,116,64,104,152,148,60,4,200,248,152,120,240,144,180,216,240,192,88,12,92,32,100,172,72,208,204,132,196,164,4,72,40,
240,16,12,84,176,92,212,16,144,40,168,48,184,220,88,140,48,196,160,228,72,220,240,176,176,20,76,220,52,172,64,136,164,124,96,36,12,200,160,60,24,188,196,24,8,0,0,0,0,0,0,0,0,0,0,0,0,0,0,0,0,0,0,0,0,0,0,0,0,0,0,0,0,0,0,0,0,0,0,0,0,0,0,8,96,92,8,104,132,20,8,208,68,136,180,108,152,196,68,172,72,252,76,88,208,204,80,132,140,184,112,148,172,116,232,0,100,80,84,40,168,184,180,20,156,64,
12,40,128,220,192,140,124,232,176,64,20,32,28,160,92,156,52,64,64,52,156,204,228,44,252,248,148,72,212,68,100,88,184,196,136,4,232,192,232,76,212,60,112,20,8,0,0,0,0,0,0,0,0,0,0,0,0,0,0,0,0,0,0,0,0,0,0,0,0,0,0,0,0,0,0,0,0,0,0,0,0,0,4,12,112,68,168,84,84,36,160,160,8,192,252,204,12,140,76,96,204,108,56,224,120,52,204,28,128,236,64,156,184,108,124,140,52,4,64,56,192,176,16,188,248,208,
140,192,160,96,164,88,144,152,112,244,160,148,216,112,204,96,208,136,12,104,0,160,112,100,220,156,120,96,8,20,140,132,188,136,68,172,204,192,244,72,196,36,100,8,0,0,0,0,0,0,0,0,0,0,0,0,0,0,0,0,0,0,0,0,0,0,0,0,0,0,0,0,0,0,0,0,0,0,0,0,0,4,16,24,108,192,72,12,76,60,64,24,224,188,32,72,92,72,160,128,200,88,48,84,208,240,104,104,248,120,220,196,196,72,80,104,228,80,72,40,104,16,192,236,204,64,
228,92,196,88,76,172,48,76,0,240,188,104,128,228,196,204,232,200,16,168,52,52,48,176,216,216,148,92,112,176,28,192,108,120,40,28,176,220,44,240,100,168,24,0,0,0,0,0,0,0,0,0,0,0,0,0,0,0,0,0,0,0,0,0,0,0,0,0,0,0,0,0,0,0,0,0,0,0,0,0,0,8,16,16,44,168,72,224,76,140,232,180,232,32,212,232,200,92,156,208,252,36,156,160,20,4,112,80,192,148,52,24,40,252,96,188,12,188,48,188,232,68,56,120,4,164,
180,212,216,72,216,136,108,112,36,80,108,240,136,156,172,60,16,32,100,40,192,16,36,188,52,180,184,212,44,176,236,232,32,228,36,200,172,32,44,132,72,104,8,0,0,0,0,0,0,0,0,0,0,0,0,0,0,0,0,0,0,0,0,0,0,0,0,0,0,0,0,0,0,0,0,0,0,0,0,0,0,4,4,8,76,176,56,192,140,116,48,252,240,52,48,212,64,124,148,208,100,116,44,140,124,4,204,120,48,68,176,232,60,12,80,172,108,20,156,216,104,180,8,48,220,204,
96,252,172,136,204,44,56,220,224,224,188,80,12,144,56,40,160,112,244,80,120,36,144,52,244,88,16,88,192,140,168,252,132,64,48,216,188,96,232,116,8,36,0,0,0,0,0,0,0,0,0,0,0,0,0,0,0,0,0,0,0,0,0,0,0,0,0,0,0,0,0,0,0,0,0,0,0,0,0,0,0,0,0,0,16,112,40,184,4,48,176,252,160,184,212,148,116,52,84,80,148,80,252,140,164,156,76,40,28,48,124,120,244,4,80,160,96,132,244,232,104,100,72,220,12,8,
180,88,84,92,0,224,120,108,160,124,24,180,140,120,60,12,72,228,176,92,32,120,120,32,56,180,176,172,236,248,116,232,0,84,252,224,12,100,164,116,164,76,8,0,0,0,0,0,0,0,0,0,0,0,0,0,0,0,0,0,0,0,0,0,0,0,0,0,0,0,0,0,0,0,0,0,0,0,0,0,0,0,0,0,20,96,220,116,244,92,100,80,0,52,72,168,180,228,60,44,132,112,144,56,4,120,216,96,204,248,52,20,244,216,248,148,128,96,152,140,76,48,204,156,32,8,
236,240,68,244,228,100,92,164,92,68,16,12,24,4,204,100,184,64,208,20,96,244,152,216,188,172,208,148,248,168,204,180,232,196,160,220,36,108,176,28,100,72,12,0,0,0,0,0,0,0,0,0,0,0,0,0,0,0,0,0,0,0,0,0,0,0,0,0,0,0,0,0,0,0,0,0,0,0,0,0,0,0,0,12,28,40,88,12,28,80,84,144,76,40,88,212,200,128,72,136,8,152,132,72,64,36,252,144,224,0,132,88,244,244,188,8,240,112,152,216,140,68,224,0,4,192,
68,56,148,156,28,124,252,200,200,24,208,220,216,72,80,216,96,4,120,124,196,200,232,252,84,140,124,156,68,44,64,68,64,176,84,228,84,56,160,164,16,8,4,0,0,0,0,0,0,0,0,0,0,0,0,0,0,0,0,0,0,0,0,0,0,0,0,0,0,0,0,0,0,0,0,0,0,0,0,0,0,0,0,4,20,32,28,196,196,8,132,48,84,64,112,204,88,140,244,8,44,136,164,144,176,160,88,88,48,252,184,76,128,40,156,112,224,68,128,220,64,68,88,248,216,36,
104,60,236,132,128,100,128,120,60,152,148,148,244,168,220,96,56,208,80,156,28,212,200,36,16,196,220,232,96,236,172,192,120,152,252,24,120,216,28,36,0,0,0,0,0,0,0,0,0,0,0,0,0,0,0,0,0,0,0,0,0,0,0,0,0,8,0,0,0,0,0,0,0,0,0,0,0,0,0,0,0,0,0,0,16,24,24,176,176,8,84,240,248,68,140,144,84,136,128,20,236,80,180,204,204,100,84,116,124,96,248,16,216,56,240,208,164,48,188,44,88,100,84,44,88,220,
168,188,112,64,248,56,40,156,152,80,32,60,180,248,108,168,192,176,188,240,104,88,56,4,176,196,164,36,152,232,136,196,152,148,212,28,120,196,8,20,0,0,0,0,0,0,0,0,0,0,0,0,0,0,0,0,0,0,0,0,0,0,8,4,16,52,12,0,0,0,0,0,0,0,0,0,0,0,0,0,0,0,0,0,4,8,24,172,180,204,16,236,44,104,144,152,20,160,76,236,108,164,64,28,140,196,176,8,104,144,132,252,56,108,236,108,44,72,200,120,68,8,104,152,100,152,
164,248,64,200,188,252,224,64,8,184,36,200,80,152,16,40,128,104,184,48,112,228,16,24,56,124,60,216,224,36,164,184,156,164,232,60,64,180,200,20,0,0,0,0,0,0,0,0,0,0,0,0,0,0,0,0,0,0,0,0,0,16,88,88,60,72,88,8,0,0,0,0,0,0,0,0,0,0,0,0,0,0,0,0,0,0,16,156,112,176,28,60,132,132,112,72,4,136,104,248,84,92,80,100,36,240,132,36,244,136,192,140,120,208,56,200,56,40,88,120,16,200,152,144,48,44,
48,84,72,204,72,48,128,188,240,84,152,100,232,92,16,232,144,244,232,132,212,84,156,132,88,92,236,80,0,12,160,172,160,184,28,56,244,92,144,84,8,0,0,0,0,0,0,0,0,0,0,0,0,0,0,0,0,0,0,4,12,92,232,160,44,160,232,32,12,8,4,0,0,0,0,0,0,0,0,0,0,0,0,0,0,0,4,88,40,184,48,224,68,124,120,148,248,112,72,172,244,176,124,68,64,16,228,56,112,64,248,144,72,124,100,208,48,236,188,52,140,64,68,84,40,24,
64,28,144,148,60,92,244,88,124,112,208,148,216,120,240,0,200,188,248,24,128,100,136,52,188,48,84,28,172,204,148,12,164,156,32,40,220,52,148,84,8,0,0,0,0,0,0,0,0,0,0,0,0,0,0,0,0,0,4,20,76,100,228,216,116,44,64,168,148,92,12,0,0,0,0,0,0,0,0,0,0,0,0,0,0,0,4,80,24,176,196,40,76,104,140,96,0,160,84,132,220,160,108,104,140,16,240,176,220,252,16,92,240,44,92,176,232,100,224,232,220,148,48,56,64,12,
192,36,8,44,128,40,84,48,176,228,244,160,192,148,144,88,200,0,128,140,148,196,160,28,244,96,88,28,84,224,56,32,140,160,80,220,188,232,28,8,4,0,0,0,0,0,0,0,0,0,0,0,0,0,0,0,0,0,16,96,156,100,16,32,152,56,164,156,104,228,24,8,4,0,4,0,0,0,0,0,0,0,0,0,0,0,4,64,224,160,188,104,84,80,116,92,208,164,172,16,44,244,248,88,228,112,96,12,92,52,104,32,0,128,148,116,244,64,16,140,104,60,224,12,24,184,
96,156,176,44,40,144,136,4,152,8,168,204,80,88,40,184,36,0,56,216,56,216,212,192,20,24,144,208,144,36,96,208,140,216,44,164,156,168,76,76,12,0,0,0,0,0,0,0,0,0,0,0,0,0,0,0,0,20,80,184,220,128,112,84,28,252,108,196,192,56,60,84,16,8,8,0,0,0,0,0,0,0,0,0,0,0,0,32,216,104,196,104,252,72,120,44,132,248,8,32,180,232,120,176,176,88,12,48,132,108,48,112,12,52,128,196,236,56,176,0,216,80,100,208,244,164,
160,148,44,232,172,92,236,136,196,4,244,224,80,200,164,88,240,112,168,28,244,120,60,80,148,148,196,204,80,24,112,48,252,4,240,168,80,152,188,88,8,0,0,0,0,0,0,0,0,0,0,0,0,0,0,0,20,132,208,28,236,236,212,248,120,128,24,184,212,120,236,108,28,24,8,0,0,0,0,0,0,0,0,0,0,0,8,68,148,52,12,176,176,56,96,48,124,120,172,184,156,4,84,72,224,176,92,24,124,204,132,44,172,212,252,244,148,200,92,80,180,0,68,80,224,172,
168,28,52,152,120,40,144,204,228,108,88,104,80,32,240,124,228,88,4,204,136,108,4,168,104,156,60,236,120,12,88,148,68,236,180,168,64,136,76,12,0,0,0,0,0,0,0,0,0,0,0,0,0,0,0,4,72,144,216,28,20,60,248,28,124,120,252,180,252,244,40,56,36,36,8,0,0,0,0,0,0,0,0,0,0,0,0,8,84,44,76,132,144,12,92,68,168,112,168,200,100,168,196,20,60,184,156,252,128,112,252,200,144,176,88,232,236,180,176,60,88,124,116,228,112,164,
140,248,216,52,184,112,56,120,208,164,136,212,232,180,32,140,148,252,60,36,52,224,188,112,104,164,60,220,44,184,156,252,116,92,192,160,40,52,4,0,0,0,0,0,0,0,0,0,0,0,0,0,0,0,0,16,80,164,80,172,144,104,12,20,124,220,12,192,16,248,44,60,32,36,8,0,0,0,0,0,0,0,0,0,0,0,0,16,152,124,84,180,196,36,120,136,172,56,236,232,220,60,132,72,140,176,240,152,40,64,204,200,148,60,152,52,168,120,180,8,212,232,192,240,144,140,
148,184,0,56,28,44,148,28,64,188,168,56,12,168,204,32,208,72,12,248,168,136,168,48,168,56,76,196,124,28,172,156,84,236,208,152,28,48,0,0,0,0,0,0,0,0,0,0,0,0,0,0,0,4,16,72,196,112,188,244,156,128,24,4,196,92,72,200,4,224,80,180,56,32,8,0,0,0,0,0,0,0,0,0,0,0,8,68,156,48,8,204,0,40,116,148,80,68,212,60,140,48,160,60,52,84,28,52,16,40,188,132,92,156,244,76,212,172,212,248,176,8,144,228,148,40,
112,0,36,152,208,44,48,16,104,24,236,96,72,188,24,80,120,56,24,68,152,164,68,164,80,76,128,192,124,72,28,88,200,232,200,140,216,40,0,0,0,0,0,0,0,0,0,0,0,0,0,0,12,68,92,104,248,208,232,252,180,200,12,232,224,188,144,180,252,0,220,76,176,32,12,4,0,0,0,0,0,0,0,0,0,0,0,12,88,24,20,236,220,16,24,144,224,204,120,164,20,196,220,180,156,16,196,52,76,68,152,176,192,188,228,92,252,96,184,200,180,200,8,40,28,136,
160,56,236,200,124,56,236,160,236,92,32,152,80,252,252,24,80,168,0,68,156,120,192,152,204,172,132,240,212,184,136,12,136,236,204,40,88,8,0,0,0,0,0,0,0,0,0,0,0,0,0,8,68,152,180,128,216,224,248,4,12,240,244,52,76,236,136,156,224,252,212,188,36,44,28,12,0,0,0,0,0,0,0,0,0,0,0,4,80,24,224,176,204,196,252,56,188,196,44,220,208,252,224,228,116,60,8,212,228,92,176,32,16,100,136,60,252,168,52,144,88,24,232,20,172,84,
176,92,196,120,44,136,84,4,212,248,28,60,88,32,192,204,252,44,136,32,8,32,92,108,0,204,192,144,220,228,84,4,156,240,208,224,40,0,0,0,0,0,0,0,0,0,0,0,0,4,8,8,28,148,16,8,16,248,248,24,0,220,64,212,192,24,180,172,224,224,180,200,48,56,92,88,8,0,0,0,0,0,0,0,0,0,0,8,72,164,160,232,208,16,12,40,140,0,68,52,140,212,28,136,88,116,136,44,252,192,72,120,88,116,16,12,4,24,96,64,8,168,84,168,88,28,
196,112,92,120,220,12,200,236,200,208,24,148,16,180,12,248,28,100,224,4,64,100,100,52,160,144,180,148,196,168,92,32,160,240,172,148,12,0,0,0,0,0,0,0,0,0,0,0,4,28,84,64,72,12,204,152,140,240,228,8,224,248,152,232,136,8,224,232,4,244,216,20,48,116,220,180,16,0,0,0,0,0,0,0,0,0,0,4,24,168,216,100,112,56,124,152,156,52,80,204,28,116,228,212,132,84,156,4,192,196,76,60,52,8,148,212,12,168,176,88,200,72,8,116,72,204,
184,44,20,72,244,12,252,132,28,16,156,4,196,4,100,160,168,136,164,20,228,136,32,128,192,148,40,132,136,224,140,216,136,48,244,152,8,0,0,0,0,0,0,0,0,0,0,0,16,96,196,132,112,144,220,200,188,196,204,224,20,168,212,176,52,4,12,12,24,16,116,68,128,236,196,228,36,0,0,0,0,0,0,0,0,0,0,4,72,244,244,36,128,84,136,180,48,4,20,92,76,204,40,40,172,92,240,48,0,216,108,108,52,32,228,144,92,200,176,248,92,224,0,172,0,144,
204,28,156,0,52,104,124,124,152,24,240,120,0,48,180,204,112,252,144,8,136,152,200,220,184,176,12,84,4,244,64,212,200,136,60,116,4,0,0,0,0,0,0,0,0,0,0,0,8,88,208,148,204,144,212,192,148,196,220,36,200,248,212,132,44,28,56,92,80,84,144,104,72,52,192,52,112,8,0,0,0,0,0,0,0,0,0,0,20,192,236,64,224,100,116,80,112,84,160,84,184,28,228,4,184,168,228,196,140,224,132,88,208,28,80,64,24,100,164,248,184,88,176,192,248,180,
152,20,208,164,104,88,104,76,20,140,224,172,92,16,152,68,88,224,72,92,8,192,236,80,120,48,92,24,100,212,172,216,152,140,204,48,0,0,0,0,0,0,0,0,0,0,0,0,20,100,208,172,228,48,184,156,172,232,52,192,208,168,152,48,48,180,52,12,180,212,88,104,92,64,20,140,192,16,0,0,0,0,0,0,0,0,0,0,20,240,24,212,248,88,12,216,44,204,176,252,204,64,160,236,168,164,92,84,52,208,104,72,48,244,0,192,252,48,148,212,144,48,28,148,244,0,
56,180,88,104,52,60,180,112,128,244,92,92,184,72,252,172,56,84,100,16,228,132,192,196,148,88,180,100,116,232,252,180,228,224,196,36,0,0,0,0,0,0,0,0,0,0,0,16,72,104,240,100,120,44,176,188,204,24,196,160,172,164,88,40,24,240,248,108,148,40,92,120,28,232,144,172,24,24,0,0,0,0,0,0,0,0,0,4,80,76,160,224,244,64,40,228,192,148,188,12,176,0,240,228,236,184,16,120,40,140,108,76,148,220,140,80,156,100,108,8,32,132,248,204,156,40,
8,156,56,68,216,36,164,244,96,148,92,36,248,44,80,228,76,244,212,84,56,160,28,204,128,112,112,44,120,100,220,176,248,100,192,40,0,0,0,0,0,0,0,0,0,0,8,60,88,196,136,224,160,52,200,208,252,160,144,176,228,188,136,0,168,28,204,208,4,152,64,56,92,128,224,240,108,32,0,0,0,0,0,0,0,0,0,4,88,136,240,56,44,72,184,232,156,212,36,24,56,0,96,4,192,80,16,88,224,192,96,24,76,4,124,0,24,112,228,168,188,32,148,20,224,176,
172,212,156,16,120,24,132,84,8,244,104,196,168,200,152,112,136,244,140,164,252,248,176,180,152,120,144,92,100,232,60,140,0,236,100,96,4,0,0,0,0,0,0,0,0,0,4,16,112,140,228,212,140,124,228,244,96,172,88,168,160,120,68,136,188,16,188,236,96,120,244,124,152,132,244,252,100,52,8,4,0,0,0,0,0,0,0,8,88,144,244,52,220,72,188,20,136,244,92,156,220,116,92,108,28,68,132,252,196,132,208,196,192,144,36,216,212,248,88,0,116,12,152,224,208,172,
228,148,40,228,60,16,208,48,148,80,8,116,0,136,80,8,184,116,80,216,140,196,224,188,120,108,244,68,196,44,116,180,200,136,144,164,16,0,0,0,0,0,0,0,0,4,20,76,200,236,224,188,192,196,12,36,240,116,176,16,140,220,236,192,96,232,48,20,124,184,224,88,68,176,20,64,132,208,100,68,4,0,8,0,4,16,28,88,172,212,248,224,208,92,204,32,164,232,232,128,164,72,68,4,108,240,28,204,148,40,252,240,168,96,16,176,168,192,172,212,80,60,244,52,72,4,
192,92,80,48,152,88,128,232,120,4,20,192,72,124,84,132,252,244,172,216,152,16,8,224,156,216,136,4,92,152,232,52,104,132,152,180,88,8,0,0,0,0,0,0,0,12,116,168,20,240,196,200,232,244,132,208,96,184,92,240,192,84,124,52,204,108,24,224,168,48,92,20,28,216,168,108,84,168,60,200,12,24,84,24,36,176,4,60,128,56,52,24,236,116,188,248,76,212,216,144,140,64,120,180,44,132,104,104,32,180,148,176,224,212,232,48,88,248,192,252,80,212,88,100,68,164,
204,108,132,132,132,88,232,216,160,8,20,172,68,184,36,128,240,12,20,20,188,236,212,200,160,112,216,232,72,184,248,100,112,140,128,240,164,16,0,0,0,0,0,0,4,56,192,44,104,228,240,8,120,112,168,140,36,56,148,52,4,196,224,160,104,184,44,60,232,252,24,68,56,132,92,148,84,48,220,16,48,172,244,180,8,124,232,20,0,188,252,192,240,124,188,192,60,192,224,176,132,8,108,40,140,44,168,40,72,8,244,4,192,36,0,40,52,192,208,196,8,208,84,100,56,36,
60,160,228,8,132,244,144,200,224,236,12,164,224,204,120,120,72,180,148,36,184,248,180,156,160,100,8,68,232,68,64,228,224,144,140,52,176,24,4,8,8,4,8,8,24,148,44,116,160,248,44,132,136,56,28,120,164,156,232,240,36,188,100,180,176,48,60,24,240,20,104,116,124,192,60,92,48,76,24,40,180,0,196,200,140,40,8,32,52,108,144,12,80,156,192,200,252,108,232,200,100,204,24,200,220,152,24,188,236,188,232,248,16,0,112,4,52,168,188,136,12,96,192,88,36,220,
4,84,140,148,236,92,140,56,68,108,124,36,80,156,92,168,96,196,220,120,228,12,192,152,236,168,244,60,196,232,104,108,80,192,0,152,8,84,24,84,84,28,80,92,116,84,124,196,12,40,40,20,56,236,156,104,44,116,0,124,176,188,12,44,56,48,112,180,188,68,108,72,64,120,120,108,252,72,84,96,240,220,8,136,168,36,164,188,228,20,128,4,20,176,196,192,248,104,220,152,96,108,176,16,120,224,140,220,36,216,148,184,160,68,48,64,92,204,0,40,236,208,112,232,236,152,
212,92,132,104,124,56,184,248,68,120,108,184,168,64,108,180,180,76,56,176,192,228,16,244,60,212,48,172,0,168,152,180,156,60,52,248,136,144,92,216,172,100,236,8,212,180,164,248,136,132,36,32,244,136,232,92,36,100,104,212,232,220,0,224,136,172,172,144,212,152,60,24,180,104,228,40,44,72,92,160,68,28,56,168,212,144,104,164,236,20,116,160,176,172,200,192,248,104,84,36,232,216,12,136,8,200,88,208,128,192,72,164,224,52,192,244,92,20,76,76,24,156,24,136,36,72,
216,68,124,100,112,52,176,16,228,32,24,16,252,4,208,124,80,140,132,224,216,36,60,216,212,176,220,200,128,248,132,204,48,112,60,248,136,232,132,240,4,144,164,120,8,128,196,140,20,136,52,212,132,8,36,28,172,176,4,40,244,232,0,68,196,172,212,236,28,180,16,212,208,100,216,156,76,72,92,204,132,108,132,104,20,228,124,180,0,24,112,168,8,180,200,192,32,232,16,208,220,28,112,20,4,148,204,68,252,164,208,116,24,140,248,192,48,160,132,36,8,108,120,108,56,92,
252,8,108,84,120,68,148,8,224,48,48,168,248,4,124,48,16,140,20,200,220,228,4,176,164,76,116,220,168,124,164,0,60,76,120,232,216,188,216,40,92,64,60,184,252,88,76,164,208,84,152,96,248,64,56,252,252,64,64,244,148,16,4,116,8,12,56,32,232,236,236,176,216,116,248,188,216,40,100,208,232,84,168,36,80,140,212,192,252,28,128,20,120,188,192,212,204,4,200,24,124,32,52,188,96,72,84,24,208,44,36,104,112,64,220,88,88,64,140,60,132,180,40,32,232,244,
4,216,80,44,208,112,212,56,28,92,208,232,148,232,216,220,168,124,252,240,240,228,240,172,96,184,224,196,128,160,212,248,72,208,248,124,68,0,56,124,252,80,92,196,108,16,60,180,212,212,100,236,0,76,48,180,140,136,52,220,216,112,52,132,240,24,20,240,128,92,92,236,192,112,188,236,156,88,40,120,236,20,172,12,124,176,208,200,244,48,200,36,140,188,192,200,40,36,100,124,232,28,104,180,104,208,136,180,220,76,96,28,180,220,204,132,164,160,212,160,60,132,44,12,88,128,
8,208,40,92,76,52,108,224,92,192,56,60,188,20,224,28,244,172,92,0,248,240,212,40,88,204,160,124,112,248,52,52,124,68,180,216,244,244,16,132,152,144,24,28,132,52,180,132,152,32,40,240,232,96,252,144,68,80,164,136,248,64,96,148,208,40,24,68,252,184,56,176,212,0,104,36,192,156,44,228,8,12,84,40,244,176,204,208,252,136,8,228,64,184,196,200,12,88,112,0,212,92,116,120,116,164,100,100,252,40,176,216,236,180,48,108,32,192,100,64,128,84,8,4,228,212,
40,244,76,208,220,248,236,160,128,236,16,32,72,112,140,196,60,132,40,176,216,4,100,80,176,212,164,156,160,112,24,200,160,252,128,160,232,24,164,88,64,136,52,188,220,84,116,64,232,192,164,212,108,80,192,252,80,68,88,220,64,80,148,220,248,48,44,88,172,56,220,240,48,36,216,224,144,8,88,220,172,188,32,144,236,148,200,244,92,208,128,64,56,188,200,192,24,120,56,120,248,60,184,116,52,92,32,20,236,160,104,212,96,80,92,16,248,140,56,192,208,212,204,168,16,156,
76,236,68,232,16,72,112,112,16,20,228,56,164,140,164,220,52,84,64,184,40,216,168,204,240,4,208,200,164,228,248,180,144,104,104,0,112,156,92,220,56,216,52,12,12,180,136,16,80,84,180,144,136,204,52,44,8,220,192,48,64,64,136,28,32,60,76,44,156,56,28,192,236,204,68,76,228,172,244,136,156,168,32,44,116,120,240,132,176,136,56,152,164,200,176,92,0,24,236,200,8,116,220,196,164,200,12,128,16,224,236,204,60,40,136,60,84,16,144,216,196,204,76,96,212,108,
4,160,48,168,180,148,12,224,120,20,216,28,4,12,244,144,172,4,168,240,72,120,176,184,208,192,120,128,136,224,52,252,48,240,68,120,16,204,248,224,132,132,112,224,108,72,100,144,116,180,60,192,124,40,116,48,160,52,40,52,80,72,148,0,16,48,60,80,220,156,132,156,120,148,104,84,204,208,128,152,224,72,244,28,112,160,128,84,40,80,156,200,180,196,80,80,152,136,108,208,168,80,124,60,192,152,92,212,232,224,244,128,152,124,64,96,132,140,208,184,48,44,64,240,4,116
